46.98691754
404.00671627
485.23048608
626.74842445
105.64498160
680.82141555
12.27072778
820.03633785
26.52208952
969.02683583
56.05301906
196.53946661
684.05985258
794.99650213
89.93918045
562.97868825
54.76346517
140.81180963
834.07792497
668.95882314
318.94300403
695.04350870
332.01624095
831.15382855
485.25855157
169.63604431
733.33499601
932.54103448
455.94210322
749.72404576
563.71609247
53.34869893
420.65370866
350.65713659
154.34391284
512.64915072
735.95885206
108.71785270
344.34942037
624.58178951
155.67334810
623.82601997
725.31823834
845.61289632
742.72200162
323.27231265
402.47910513
520.36847594
655.43633326
110.89630630
165.43824900
539.35421605
486.63030694
888.31388676
898.02563612
742.01164264
638.54754921
135.25503700
358.64212086
337.73924412
815.12706336
522.12410951
547.91900682
728.87061514
634.04049164
237.45236262
863.42261735
694.38971392
66.32189206
663.86725965
700.73431290
838.25711165
407.05964328
751.48915550
321.22624803
245.20799814
652.41632204
834.66709637
450.66734174
590.12169180
159.20251608
882.58153791
466.56967874
500.89581844
128.89724197
737.98447324
220.21705990
381.15014152
794.15755599
216.21445687
887.06022617
100.90127944
552.61784697
370.17523848
108.59638183
