1074.68122209
-5259.75058026
3283.60442928
-3024.86306375
3928.77777408
348.42561924
-2885.22858215
3360.44632383
-3626.13397608
-3070.89961832
5328.93724499
-2709.42536518
234.78067093
-246.50957419
6417.55620748
6276.02750197
-2429.13783518
4061.92507180
5263.32238083
2637.81079533
-5139.94116654
2438.88378257
2290.56145665
-4667.40944900
-4232.42618111
-4899.81574910
597.91564819
-3282.62065648
299.94957993
3443.01501051
3444.88862533
3616.81498623
-1052.55977316
-5559.95318771
2978.08852211
1778.42082598
4465.00312672
-1989.95411434
-1706.11093015
1959.38684328
183.66010492
2080.45284946
-1709.97489052
-4666.57154518
-254.30676777
-350.26580013
-4269.73666272
-3379.35190981
-3198.67251156
-5456.53207079
3050.12855183
4488.76858449
-451.39187891
-1723.34864875
4405.38917805
3667.68802290
5960.19656695
3749.67070125
6357.09799114
803.50640901
-51.34427913
5823.93812176
-3236.70027618
-2218.10363103
5986.75547185
5960.38568478
1923.06076914
4756.64588397
3773.38991487
-3028.94186698
2959.38956022
3569.82552269
-121.78274970
4804.13765209
942.60456509
4377.54460897
5782.51148702
2475.72742505
-5806.29997139
3871.25192081
-3689.21859785
6359.04763289
-4543.15429914
-3554.32108274
1277.90175853
6305.01074643
-2043.51467297
-3230.49386478
-3222.73745040
484.03525273
-1409.73066415
918.32232273
1250.87041006
3043.41779230
-5928.90795589
-2476.21060738
5600.14984921
-3204.57044246
-456.99415936
5832.14827095
-3568.32756349
774.61290491
-3374.71053621
5487.64265099
-584.70573909
267.05711838
6168.86238943
4633.28391435
-5049.14524484
-115.11862658
3860.66898006
-4520.40853015
-27.02176801
25.32508210
-2285.12006121
-4231.83258253
1070.73528931
1734.42736121
1029.97516556
-5118.30964430
-3573.31436999
6452.07431705
2411.24188445
4331.91671047
-4769.65082177
3559.21349770
4732.35820480
382.16850277
-337.55780576
6510.36608843
5832.49080858
6360.21130768
2288.38686255
-2682.88318575
-5409.43436142
2692.71234036
-808.93498430
1.71407962
-3983.24358834
172.74068515
6051.77847405
3359.69949061
4367.99705377
3433.50048509
-5660.93953421
-2814.79400464
5926.50712355
2179.67849462
2283.01831724
5978.80394906
173.83420903
1758.08547517
-4342.62476138
-157.77853972
-5720.19724194
5161.42377961
190.25431524
1455.01657218
2651.88149032
5750.75727769
-907.49695659
2668.76289152
-4292.47439834
-991.02293156
4860.70642874
5711.98313299
5548.14831261
-1813.23920915
3370.38812150
4892.69143579
-4291.11520441
885.62563499
2157.28461643
2182.84441914
-2969.22334545
-5095.65066069
969.20291232
-4396.34668605
5500.90360795
-4198.19892942
-392.82143534
5012.75951605
5063.76628951
-2584.92588252
-5441.14799258
-3644.84741830
-5494.90005674
-6215.92862596
-6126.07825878
-2661.26484676
-2749.51997737
-1248.23237470
1612.34295642
6341.32966857
1299.91858557
-4955.98347252
6190.55138317
-6209.24793568
5146.13890315
-165.80101862
-4465.62550434
2308.89012800
-1355.24007923
-795.68786946
6068.78378800
-5476.95741693
5883.29321332
323.32752654
1420.11663635
5400.82344831
-1558.27854469
-1172.65330264
6178.43042496
-303.85303160
4373.53705875
-4808.71169743
3929.86911197
-5303.23929502
3469.94152722
-5512.32910758
2590.31743273
2580.85501713
3571.16352497
-3528.08061676
-671.73425214
2262.71624282
2020.38280366
6376.64748637
3952.22319192
-415.63683588
-2563.95124181
-2533.93280662
3120.20458721
5241.23949554
916.68355567
3229.93178261
-2341.15493920
-2474.34763482
2702.87177740
-2384.93743849
-3809.75244832
-27.90682572
-4278.12184404
6500.42768215
-4937.36195142
432.57902609
6121.36421278
4015.56514771
-3786.11891189
4113.27078569
129.85773383
766.95360014
-1688.70903735
4209.77455253
-854.07922005
-2703.39392992
5304.83959868
-1311.91023819
6065.55970424
-2926.63845342
4479.50638513
-4345.61760931
-4372.77685281
-5374.12307185
-1942.79567755
1893.96502333
-6207.46151505
