
 T=0.000000, 0.401746, -2.380709, -1.030226, -5.385202 , -0.840171 , -0.229015
 T=0.050000, 0.467070, -2.369701, -1.027098, -5.363644 , -0.958965 , -0.280458
 T=0.100000, 0.532086, -2.357257, -1.023347, -5.338826 , -1.077176 , -0.331732
 T=0.150000, 0.596761, -2.343385, -1.018975, -5.310765 , -1.194732 , -0.382803
 T=0.200000, 0.661062, -2.328092, -1.013986, -5.279479 , -1.311563 , -0.433642
 T=0.250000, 0.724954, -2.311387, -1.008381, -5.244986 , -1.427598 , -0.484218
 T=0.300000, 0.788405, -2.293279, -1.002164, -5.207309 , -1.542765 , -0.534500
 T=0.350000, 0.851382, -2.273776, -0.995338, -5.166470 , -1.656996 , -0.584457
 T=0.400000, 0.913853, -2.252890, -0.987907, -5.122493 , -1.770221 , -0.634059
 T=0.450000, 0.975783, -2.230630, -0.979873, -5.075405 , -1.882370 , -0.683276
 T=0.500000, 1.037142, -2.207007, -0.971241, -5.025232 , -1.993376 , -0.732078
 T=0.550000, 1.097896, -2.182032, -0.962015, -4.972006 , -2.103170 , -0.780435
 T=0.600000, 1.158013, -2.155716, -0.952199, -4.915756 , -2.211685 , -0.828317
 T=0.650000, 1.217461, -2.128073, -0.941798, -4.856515 , -2.318854 , -0.875695
 T=0.700000, 1.276209, -2.099115, -0.930816, -4.794317 , -2.424611 , -0.922541
 T=0.750000, 1.334224, -2.068855, -0.919258, -4.729198 , -2.528892 , -0.968824
 T=0.800000, 1.391476, -2.037307, -0.907129, -4.661195 , -2.631630 , -1.014516
 T=0.850000, 1.447931, -2.004485, -0.894435, -4.590348 , -2.732762 , -1.059589
 T=0.900000, 1.503560, -1.970404, -0.881181, -4.516696 , -2.832225 , -1.104015
 T=0.950000, 1.558330, -1.935079, -0.867373, -4.440282 , -2.929955 , -1.147766
 T=1.000000, 1.612212, -1.898526, -0.853018, -4.361150 , -3.025892 , -1.190814
 T=1.050000, 1.665174, -1.860761, -0.838120, -4.279344 , -3.119973 , -1.233132
 T=1.100000, 1.717185, -1.821802, -0.822687, -4.194911 , -3.212140 , -1.274693
 T=1.150000, 1.768215, -1.781666, -0.806726, -4.107899 , -3.302331 , -1.315470
 T=1.200000, 1.818234, -1.740370, -0.790243, -4.018359 , -3.390490 , -1.355437
 T=1.250000, 1.867212, -1.697933, -0.773245, -3.926341 , -3.476559 , -1.394569
 T=1.300000, 1.915118, -1.654375, -0.755741, -3.831898 , -3.560480 , -1.432840
 T=1.350000, 1.961924, -1.609715, -0.737738, -3.735084 , -3.642198 , -1.470224
 T=1.400000, 2.007599, -1.563973, -0.719244, -3.635955 , -3.721659 , -1.506697
 T=1.450000, 2.052114, -1.517171, -0.700267, -3.534569 , -3.798809 , -1.542234
 T=1.500000, 2.095441, -1.469329, -0.680815, -3.430984 , -3.873595 , -1.576811
 T=1.550000, 2.137550, -1.420471, -0.660898, -3.325259 , -3.945967 , -1.610406
 T=1.600000, 2.178413, -1.370618, -0.640525, -3.217457 , -4.015873 , -1.642994
 T=1.650000, 2.218002, -1.319795, -0.619704, -3.107640 , -4.083264 , -1.674554
 T=1.700000, 2.256288, -1.268025, -0.598446, -2.995873 , -4.148093 , -1.705063
 T=1.750000, 2.293245, -1.215332, -0.576760, -2.882222 , -4.210312 , -1.734499
 T=1.800000, 2.328844, -1.161743, -0.554657, -2.766753 , -4.269877 , -1.762841
 T=1.850000, 2.363059, -1.107284, -0.532147, -2.649535 , -4.326742 , -1.790069
 T=1.900000, 2.395863, -1.051980, -0.509241, -2.530638 , -4.380865 , -1.816163
 T=1.950000, 2.427230, -0.995860, -0.485949, -2.410133 , -4.432205 , -1.841102
 T=2.000000, 2.457133, -0.938951, -0.462285, -2.288093 , -4.480721 , -1.864869
 T=2.050000, 2.485548, -0.881283, -0.438258, -2.164591 , -4.526374 , -1.887444
 T=2.100000, 2.512449, -0.822884, -0.413882, -2.039702 , -4.569127 , -1.908810
 T=2.150000, 2.537811, -0.763786, -0.389168, -1.913502 , -4.608944 , -1.928949
 T=2.200000, 2.561611, -0.704019, -0.364129, -1.786070 , -4.645791 , -1.947845
 T=2.250000, 2.583824, -0.643614, -0.338779, -1.657483 , -4.679636 , -1.965483
 T=2.300000, 2.604428, -0.582605, -0.313130, -1.527821 , -4.710446 , -1.981846
 T=2.350000, 2.623400, -0.521024, -0.287196, -1.397166 , -4.738193 , -1.996920
 T=2.400000, 2.640719, -0.458905, -0.260992, -1.265600 , -4.762849 , -2.010691
 T=2.450000, 2.656362, -0.396284, -0.234531, -1.133205 , -4.784387 , -2.023147
 T=2.500000, 2.670309, -0.333194, -0.207829, -1.000066 , -4.802784 , -2.034273
 T=2.550000, 2.682541, -0.269674, -0.180900, -0.866268 , -4.818016 , -2.044060
 T=2.600000, 2.693037, -0.205759, -0.153759, -0.731898 , -4.830063 , -2.052495
 T=2.650000, 2.701780, -0.141487, -0.126423, -0.597042 , -4.838906 , -2.059569
 T=2.700000, 2.708752, -0.076897, -0.098908, -0.461789 , -4.844529 , -2.065271
 T=2.750000, 2.713935, -0.012028, -0.071229, -0.326227 , -4.846915 , -2.069595
 T=2.800000, 2.717314, 0.053081, -0.043404, -0.190447 , -4.846052 , -2.072530
 T=2.850000, 2.718873, 0.118388, -0.015449, -0.054538 , -4.841930 , -2.074072
 T=2.900000, 2.718599, 0.183852, 0.012618, 0.081407 , -4.834538 , -2.074214
 T=2.950000, 2.716477, 0.249432, 0.040779, 0.217296 , -4.823870 , -2.072949
 T=3.000000, 2.712497, 0.315084, 0.069016, 0.353038 , -4.809921 , -2.070275
 T=3.050000, 2.706647, 0.380764, 0.097311, 0.488539 , -4.792689 , -2.066188
 T=3.100000, 2.698916, 0.446429, 0.125645, 0.623706 , -4.772174 , -2.060685
 T=3.150000, 2.689296, 0.512034, 0.154000, 0.758443 , -4.748376 , -2.053765
 T=3.200000, 2.677779, 0.577533, 0.182355, 0.892656 , -4.721300 , -2.045427
 T=3.250000, 2.664358, 0.642880, 0.210692, 1.026251 , -4.690952 , -2.035671
 T=3.300000, 2.649030, 0.708029, 0.238990, 1.159132 , -4.657341 , -2.024500
 T=3.350000, 2.631788, 0.772932, 0.267229, 1.291203 , -4.620478 , -2.011915
 T=3.400000, 2.612632, 0.837542, 0.295389, 1.422370 , -4.580377 , -1.997919
 T=3.450000, 2.591560, 0.901809, 0.323449, 1.552535 , -4.537052 , -1.982518
 T=3.500000, 2.568573, 0.965686, 0.351388, 1.681604 , -4.490523 , -1.965717
 T=3.550000, 2.543671, 1.029122, 0.379185, 1.809480 , -4.440809 , -1.947521
 T=3.600000, 2.516859, 1.092069, 0.406819, 1.936068 , -4.387935 , -1.927939
 T=3.650000, 2.488142, 1.154476, 0.434268, 2.061273 , -4.331925 , -1.906980
 T=3.700000, 2.457526, 1.216293, 0.461510, 2.184999 , -4.272808 , -1.884653
 T=3.750000, 2.425019, 1.277470, 0.488523, 2.307152 , -4.210614 , -1.860968
 T=3.800000, 2.390632, 1.337954, 0.515286, 2.427637 , -4.145376 , -1.835939
 T=3.850000, 2.354375, 1.397696, 0.541776, 2.546360 , -4.077131 , -1.809578
 T=3.900000, 2.316264, 1.456644, 0.567971, 2.663229 , -4.005917 , -1.781898
 T=3.950000, 2.276311, 1.514746, 0.593848, 2.778151 , -3.931774 , -1.752916
 T=4.000000, 2.234536, 1.571952, 0.619385, 2.891034 , -3.854745 , -1.722648
 T=4.050000, 2.190957, 1.628210, 0.644560, 3.001788 , -3.774878 , -1.691110
 T=4.100000, 2.145594, 1.683469, 0.669350, 3.110322 , -3.692220 , -1.658323
 T=4.150000, 2.098470, 1.737678, 0.693733, 3.216549 , -3.606822 , -1.624305
 T=4.200000, 2.049610, 1.790786, 0.717686, 3.320380 , -3.518739 , -1.589078
 T=4.250000, 1.999042, 1.842743, 0.741188, 3.421730 , -3.428026 , -1.552663
 T=4.300000, 1.946792, 1.893499, 0.764215, 3.520513 , -3.334741 , -1.515083
 T=4.350000, 1.892892, 1.943003, 0.786747, 3.616647 , -3.238947 , -1.476363
 T=4.400000, 1.837375, 1.991208, 0.808760, 3.710049 , -3.140707 , -1.436529
 T=4.450000, 1.780275, 2.038063, 0.830234, 3.800639 , -3.040087 , -1.395605
 T=4.500000, 1.721629, 2.083523, 0.851147, 3.888340 , -2.937155 , -1.353621
 T=4.550000, 1.661474, 2.127539, 0.871478, 3.973074 , -2.831983 , -1.310603
 T=4.600000, 1.599853, 2.170065, 0.891207, 4.054767 , -2.724642 , -1.266583
 T=4.650000, 1.536807, 2.211056, 0.910311, 4.133347 , -2.615211 , -1.221590
 T=4.700000, 1.472381, 2.250468, 0.928773, 4.208743 , -2.503764 , -1.175657
 T=4.750000, 1.406621, 2.288257, 0.946572, 4.280888 , -2.390384 , -1.128815
 T=4.800000, 1.339575, 2.324381, 0.963688, 4.349716 , -2.275151 , -1.081098
 T=4.850000, 1.271295, 2.358800, 0.980104, 4.415163 , -2.158151 , -1.032541
 T=4.900000, 1.201831, 2.391475, 0.995800, 4.477170 , -2.039468 , -0.983180
 T=4.950000, 1.131238, 2.422366, 1.010760, 4.535677 , -1.919192 , -0.933050
 T=5.000000, 1.059571, 2.451438, 1.024965, 4.590631 , -1.797412 , -0.882190
 T=5.050000, 0.986889, 2.478656, 1.038401, 4.641978 , -1.674220 , -0.830636
 T=5.100000, 0.913248, 2.503985, 1.051051, 4.689670 , -1.549709 , -0.778428
 T=5.150000, 0.838711, 2.527396, 1.062900, 4.733659 , -1.423975 , -0.725605
 T=5.200000, 0.763340, 2.548857, 1.073934, 4.773902 , -1.297115 , -0.672209
 T=5.250000, 0.687197, 2.568342, 1.084140, 4.810359 , -1.169225 , -0.618279
 T=5.300000, 0.610348, 2.585824, 1.093504, 4.842992 , -1.040406 , -0.563858
 T=5.350000, 0.532859, 2.601279, 1.102015, 4.871769 , -0.910759 , -0.508987
 T=5.400000, 0.454798, 2.614685, 1.109662, 4.896657 , -0.780385 , -0.453711
 T=5.450000, 0.376233, 2.626023, 1.116435, 4.917631 , -0.649387 , -0.398072
 T=5.500000, 0.297233, 2.635275, 1.122324, 4.934667 , -0.517869 , -0.342114
 T=5.550000, 0.217869, 2.642426, 1.127321, 4.947745 , -0.385936 , -0.285882
 T=5.600000, 0.138213, 2.647463, 1.131419, 4.956847 , -0.253692 , -0.229420
 T=5.650000, 0.058337, 2.650376, 1.134612, 4.961961 , -0.121245 , -0.172773
 T=5.700000, -0.021687, 2.651155, 1.136895, 4.963078 , 0.011300 , -0.115987
 T=5.750000, -0.101786, 2.649796, 1.138262, 4.960191 , 0.143836 , -0.059108
 T=5.800000, -0.181885, 2.646294, 1.138711, 4.953300 , 0.276256 , -0.002181
 T=5.850000, -0.261911, 2.640649, 1.138240, 4.942404 , 0.408453 , 0.054748
 T=5.900000, -0.341791, 2.632863, 1.136847, 4.927511 , 0.540319 , 0.111632
 T=5.950000, -0.421448, 2.622938, 1.134533, 4.908628 , 0.671747 , 0.168426
 T=6.000000, -0.500811, 2.610883, 1.131297, 4.885768 , 0.802632 , 0.225084
 T=6.050000, -0.579804, 2.596705, 1.127143, 4.858949 , 0.932866 , 0.281559
 T=6.100000, -0.658354, 2.580416, 1.122074, 4.828189 , 1.062343 , 0.337806
 T=6.150000, -0.736388, 2.562030, 1.116093, 4.793514 , 1.190959 , 0.393779
 T=6.200000, -0.813834, 2.541564, 1.109206, 4.754949 , 1.318608 , 0.449432
 T=6.250000, -0.890618, 2.519036, 1.101419, 4.712527 , 1.445188 , 0.504721
 T=6.300000, -0.966671, 2.494467, 1.092740, 4.666282 , 1.570595 , 0.559600
 T=6.350000, -1.041921, 2.467881, 1.083176, 4.616251 , 1.694729 , 0.614026
 T=6.400000, -1.116300, 2.439304, 1.072738, 4.562478 , 1.817488 , 0.667953
 T=6.450000, -1.189739, 2.408764, 1.061436, 4.505007 , 1.938774 , 0.721339
 T=6.500000, -1.262172, 2.376291, 1.049280, 4.443886 , 2.058490 , 0.774141
 T=6.550000, -1.333531, 2.341919, 1.036284, 4.379167 , 2.176539 , 0.826316
 T=6.600000, -1.403754, 2.305680, 1.022461, 4.310906 , 2.292827 , 0.877823
 T=6.650000, -1.472777, 2.267613, 1.007825, 4.239160 , 2.407262 , 0.928620
 T=6.700000, -1.540539, 2.227756, 0.992391, 4.163991 , 2.519753 , 0.978667
 T=6.750000, -1.606981, 2.186149, 0.976174, 4.085464 , 2.630212 , 1.027925
 T=6.800000, -1.672045, 2.142836, 0.959193, 4.003645 , 2.738552 , 1.076355
 T=6.850000, -1.735675, 2.097859, 0.941464, 3.918605 , 2.844688 , 1.123918
 T=6.900000, -1.797817, 2.051265, 0.923005, 3.830417 , 2.948539 , 1.170579
 T=6.950000, -1.858420, 2.003101, 0.903836, 3.739156 , 3.050025 , 1.216301
 T=7.000000, -1.917432, 1.953417, 0.883976, 3.644900 , 3.149069 , 1.261049
 T=7.050000, -1.974807, 1.902262, 0.863447, 3.547731 , 3.245594 , 1.304789
 T=7.100000, -2.030498, 1.849687, 0.842267, 3.447730 , 3.339530 , 1.347487
 T=7.150000, -2.084463, 1.795747, 0.820461, 3.344984 , 3.430807 , 1.389112
 T=7.200000, -2.136660, 1.740494, 0.798048, 3.239579 , 3.519356 , 1.429633
 T=7.250000, -2.187049, 1.683984, 0.775053, 3.131605 , 3.605114 , 1.469021
 T=7.300000, -2.235595, 1.626272, 0.751498, 3.021152 , 3.688020 , 1.507246
 T=7.350000, -2.282263, 1.567415, 0.727406, 2.908315 , 3.768014 , 1.544281
 T=7.400000, -2.327021, 1.507470, 0.702802, 2.793187 , 3.845040 , 1.580100
 T=7.450000, -2.369839, 1.446496, 0.677709, 2.675864 , 3.919046 , 1.614677
 T=7.500000, -2.410690, 1.384551, 0.652152, 2.556445 , 3.989981 , 1.647989
 T=7.550000, -2.449549, 1.321694, 0.626155, 2.435028 , 4.057798 , 1.680014
 T=7.600000, -2.486393, 1.257984, 0.599744, 2.311713 , 4.122452 , 1.710729
 T=7.650000, -2.521203, 1.193480, 0.572944, 2.186602 , 4.183903 , 1.740115
 T=7.700000, -2.553959, 1.128244, 0.545779, 2.059796 , 4.242112 , 1.768152
 T=7.750000, -2.584647, 1.062334, 0.518275, 1.931399 , 4.297044 , 1.794823
 T=7.800000, -2.613253, 0.995810, 0.490457, 1.801514 , 4.348667 , 1.820113
 T=7.850000, -2.639767, 0.928733, 0.462351, 1.670247 , 4.396950 , 1.844004
 T=7.900000, -2.664178, 0.861161, 0.433982, 1.537700 , 4.441868 , 1.866484
 T=7.950000, -2.686480, 0.793155, 0.405376, 1.403981 , 4.483398 , 1.887541
 T=8.000000, -2.706670, 0.724772, 0.376556, 1.269194 , 4.521518 , 1.907162
 T=8.050000, -2.724744, 0.656073, 0.347550, 1.133445 , 4.556212 , 1.925338
 T=8.100000, -2.740702, 0.587114, 0.318380, 0.996840 , 4.587465 , 1.942060
 T=8.150000, -2.754546, 0.517954, 0.289073, 0.859485 , 4.615266 , 1.957320
 T=8.200000, -2.766279, 0.448651, 0.259653, 0.721485 , 4.639605 , 1.971112
 T=8.250000, -2.775907, 0.379259, 0.230144, 0.582945 , 4.660476 , 1.983431
 T=8.300000, -2.783437, 0.309836, 0.200571, 0.443972 , 4.677877 , 1.994273
 T=8.350000, -2.788879, 0.240435, 0.170956, 0.304669 , 4.691807 , 2.003635
 T=8.400000, -2.792243, 0.171112, 0.141324, 0.165141 , 4.702269 , 2.011516
 T=8.450000, -2.793542, 0.101920, 0.111698, 0.025491 , 4.709267 , 2.017916
 T=8.500000, -2.792791, 0.032911, 0.082100, -0.114178 , 4.712809 , 2.022835
 T=8.550000, -2.790005, -0.035863, 0.052553, -0.253763 , 4.712906 , 2.026275
 T=8.600000, -2.785202, -0.104352, 0.023080, -0.393163 , 4.709571 , 2.028239
 T=8.650000, -2.778401, -0.172505, -0.006298, -0.532279 , 4.702818 , 2.028731
 T=8.700000, -2.769621, -0.240275, -0.035560, -0.671009 , 4.692667 , 2.027758
 T=8.750000, -2.758885, -0.307613, -0.064685, -0.809257 , 4.679136 , 2.025324
 T=8.800000, -2.746215, -0.374473, -0.093651, -0.946924 , 4.662249 , 2.021437
 T=8.850000, -2.731635, -0.440810, -0.122440, -1.083914 , 4.642030 , 2.016106
 T=8.900000, -2.715172, -0.506579, -0.151032, -1.220133 , 4.618507 , 2.009340
 T=8.950000, -2.696850, -0.571738, -0.179407, -1.355487 , 4.591710 , 2.001149
 T=9.000000, -2.676697, -0.636243, -0.207546, -1.489884 , 4.561669 , 1.991544
 T=9.050000, -2.654743, -0.700054, -0.235432, -1.623232 , 4.528418 , 1.980538
 T=9.100000, -2.631015, -0.763132, -0.263047, -1.755443 , 4.491993 , 1.968144
 T=9.150000, -2.605545, -0.825437, -0.290373, -1.886427 , 4.452431 , 1.954376
 T=9.200000, -2.578362, -0.886932, -0.317393, -2.016100 , 4.409772 , 1.939248
 T=9.250000, -2.549500, -0.947581, -0.344092, -2.144376 , 4.364058 , 1.922776
 T=9.300000, -2.518991, -1.007348, -0.370453, -2.271171 , 4.315330 , 1.904977
 T=9.350000, -2.486867, -1.066199, -0.396461, -2.396404 , 4.263635 , 1.885868
 T=9.400000, -2.453162, -1.124102, -0.422100, -2.519996 , 4.209018 , 1.865466
 T=9.450000, -2.417911, -1.181025, -0.447357, -2.641867 , 4.151528 , 1.843791
 T=9.500000, -2.381148, -1.236937, -0.472218, -2.761941 , 4.091214 , 1.820863
 T=9.550000, -2.342910, -1.291808, -0.496668, -2.880144 , 4.028129 , 1.796700
 T=9.600000, -2.303231, -1.345610, -0.520695, -2.996403 , 3.962323 , 1.771324
 T=9.650000, -2.262147, -1.398316, -0.544287, -3.110646 , 3.893852 , 1.744757
 T=9.700000, -2.219696, -1.449900, -0.567431, -3.222804 , 3.822771 , 1.717020
 T=9.750000, -2.175915, -1.500336, -0.590115, -3.332809 , 3.749136 , 1.688136
 T=9.800000, -2.130839, -1.549601, -0.612329, -3.440596 , 3.673006 , 1.658128
 T=9.850000, -2.084507, -1.597670, -0.634061, -3.546100 , 3.594440 , 1.627021
 T=9.900000, -2.036957, -1.644523, -0.655301, -3.649261 , 3.513497 , 1.594838
 T=9.950000, -1.988225, -1.690138, -0.676040, -3.750017 , 3.430239 , 1.561604
 T=10.000000, -1.938351, -1.734495, -0.696267, -3.848310 , 3.344729 , 1.527345
 T=10.050000, -1.887371, -1.777576, -0.715974, -3.944085 , 3.257030 , 1.492086
 T=10.100000, -1.835325, -1.819361, -0.735151, -4.037287 , 3.167205 , 1.455854
 T=10.150000, -1.782250, -1.859835, -0.753792, -4.127864 , 3.075321 , 1.418674
 T=10.200000, -1.728185, -1.898980, -0.771887, -4.215764 , 2.981443 , 1.380575
 T=10.250000, -1.673168, -1.936781, -0.789429, -4.300939 , 2.885638 , 1.341584
 T=10.300000, -1.617238, -1.973225, -0.806411, -4.383342 , 2.787974 , 1.301728
 T=10.350000, -1.560432, -2.008296, -0.822827, -4.462930 , 2.688518 , 1.261036
 T=10.400000, -1.502790, -2.041984, -0.838670, -4.539658 , 2.587339 , 1.219536
 T=10.450000, -1.444349, -2.074275, -0.853934, -4.613485 , 2.484507 , 1.177256
 T=10.500000, -1.385147, -2.105160, -0.868613, -4.684374 , 2.380093 , 1.134227
 T=10.550000, -1.325224, -2.134626, -0.882703, -4.752286 , 2.274166 , 1.090477
 T=10.600000, -1.264616, -2.162666, -0.896197, -4.817186 , 2.166798 , 1.046036
 T=10.650000, -1.203363, -2.189271, -0.909092, -4.879041 , 2.058060 , 1.000933
 T=10.700000, -1.141501, -2.214431, -0.921382, -4.937820 , 1.948025 , 0.955199
 T=10.750000, -1.079068, -2.238141, -0.933065, -4.993493 , 1.836763 , 0.908865
 T=10.800000, -1.016103, -2.260394, -0.944136, -5.046031 , 1.724350 , 0.861960
 T=10.850000, -0.952642, -2.281183, -0.954592, -5.095411 , 1.610856 , 0.814515
 T=10.900000, -0.888723, -2.300504, -0.964430, -5.141606 , 1.496356 , 0.766562
 T=10.950000, -0.824384, -2.318353, -0.973647, -5.184597 , 1.380923 , 0.718130
 T=11.000000, -0.759660, -2.334725, -0.982240, -5.224361 , 1.264631 , 0.669252
 T=11.050000, -0.694590, -2.349617, -0.990208, -5.260881 , 1.147554 , 0.619958
 T=11.100000, -0.629210, -2.363027, -0.997547, -5.294141 , 1.029765 , 0.570280
 T=11.150000, -0.563556, -2.374952, -1.004257, -5.324125 , 0.911339 , 0.520249
 T=11.200000, -0.497665, -2.385392, -1.010336, -5.350821 , 0.792351 , 0.469897
 T=11.250000, -0.431573, -2.394346, -1.015783, -5.374218 , 0.672874 , 0.419255
 T=11.300000, -0.365316, -2.401814, -1.020597, -5.394307 , 0.552982 , 0.368355
 T=11.350000, -0.298931, -2.407795, -1.024777, -5.411080 , 0.432751 , 0.317228
 T=11.400000, -0.232452, -2.412292, -1.028323, -5.424531 , 0.312254 , 0.265907
 T=11.450000, -0.165915, -2.415305, -1.031235, -5.434656 , 0.191565 , 0.214423
 T=11.500000, -0.099356, -2.416836, -1.033511, -5.441454 , 0.070759 , 0.162807
 T=11.550000, -0.032810, -2.416889, -1.035154, -5.444925 , -0.050090 , 0.111092
 T=11.600000, 0.033688, -2.415466, -1.036163, -5.445069 , -0.170908 , 0.059309
 T=11.650000, 0.100104, -2.412570, -1.036539, -5.441890 , -0.291622 , 0.007490
 T=11.700000, 0.166402, -2.408207, -1.036283, -5.435392 , -0.412159 , -0.044334
 T=11.750000, 0.232548, -2.402381, -1.035396, -5.425583 , -0.532444 , -0.096131
 T=11.800000, 0.298508, -2.395096, -1.033879, -5.412471 , -0.652405 , -0.147869
 T=11.850000, 0.364247, -2.386359, -1.031735, -5.396065 , -0.771969 , -0.199517
 T=11.900000, 0.429732, -2.376175, -1.028964, -5.376378 , -0.891064 , -0.251044
 T=11.950000, 0.494928, -2.364552, -1.025569, -5.353424 , -1.009617 , -0.302419
 T=12.000000, 0.559803, -2.351496, -1.021552, -5.327216 , -1.127557 , -0.353609
 T=12.050000, 0.624322, -2.337014, -1.016916, -5.297773 , -1.244812 , -0.404585
 T=12.100000, 0.688451, -2.321116, -1.011663, -5.265112 , -1.361311 , -0.455315
 T=12.150000, 0.752159, -2.303810, -1.005796, -5.229254 , -1.476983 , -0.505769
 T=12.200000, 0.815412, -2.285104, -0.999318, -5.190221 , -1.591758 , -0.555915
 T=12.250000, 0.878176, -2.265009, -0.992232, -5.148036 , -1.705567 , -0.605724
 T=12.300000, 0.940419, -2.243533, -0.984543, -5.102725 , -1.818340 , -0.655166
 T=12.350000, 1.002109, -2.220688, -0.976253, -5.054314 , -1.930008 , -0.704209
 T=12.400000, 1.063213, -2.196485, -0.967366, -5.002831 , -2.040504 , -0.752824
 T=12.450000, 1.123698, -2.170935, -0.957887, -4.948307 , -2.149759 , -0.800981
 T=12.500000, 1.183533, -2.144051, -0.947820, -4.890773 , -2.257706 , -0.848651
 T=12.550000, 1.242686, -2.115843, -0.937170, -4.830262 , -2.364279 , -0.895805
 T=12.600000, 1.301124, -2.086326, -0.925941, -4.766810 , -2.469413 , -0.942413
 T=12.650000, 1.358816, -2.055514, -0.914138, -4.700453 , -2.573041 , -0.988447
 T=12.700000, 1.415731, -2.023419, -0.901767, -4.631228 , -2.675100 , -1.033878
 T=12.750000, 1.471837, -1.990056, -0.888833, -4.559176 , -2.775525 , -1.078678
 T=12.800000, 1.527102, -1.955441, -0.875341, -4.484337 , -2.874254 , -1.122818
 T=12.850000, 1.581496, -1.919588, -0.861298, -4.406754 , -2.971225 , -1.166272
 T=12.900000, 1.634988, -1.882515, -0.846709, -4.326472 , -3.066375 , -1.209010
 T=12.950000, 1.687547, -1.844237, -0.831582, -4.243536 , -3.159645 , -1.251008
 T=13.000000, 1.739142, -1.804772, -0.815922, -4.157994 , -3.250973 , -1.292237
 T=13.050000, 1.789743, -1.764137, -0.799737, -4.069894 , -3.340302 , -1.332671
 T=13.100000, 1.839320, -1.722351, -0.783033, -3.979287 , -3.427574 , -1.372284
 T=13.150000, 1.887843, -1.679432, -0.765818, -3.886225 , -3.512730 , -1.411050
 T=13.200000, 1.935282, -1.635400, -0.748099, -3.790761 , -3.595716 , -1.448944
 T=13.250000, 1.981608, -1.590274, -0.729885, -3.692950 , -3.676475 , -1.485942
 T=13.300000, 2.026790, -1.544076, -0.711183, -3.592848 , -3.754953 , -1.522017
 T=13.350000, 2.070801, -1.496827, -0.692002, -3.490513 , -3.831098 , -1.557147
 T=13.400000, 2.113610, -1.448547, -0.672350, -3.386005 , -3.904858 , -1.591306
 T=13.450000, 2.155189, -1.399261, -0.652236, -3.279384 , -3.976180 , -1.624473
 T=13.500000, 2.195511, -1.348990, -0.631670, -3.170712 , -4.045016 , -1.656624
 T=13.550000, 2.234546, -1.297758, -0.610661, -3.060053 , -4.111317 , -1.687737
 T=13.600000, 2.272267, -1.245590, -0.589219, -2.947471 , -4.175035 , -1.717789
 T=13.650000, 2.308646, -1.192511, -0.567353, -2.833034 , -4.236124 , -1.746760
 T=13.700000, 2.343656, -1.138547, -0.545075, -2.716808 , -4.294539 , -1.774628
 T=13.750000, 2.377271, -1.083722, -0.522394, -2.598863 , -4.350236 , -1.801373
 T=13.800000, 2.409463, -1.028066, -0.499321, -2.479269 , -4.403173 , -1.826975
 T=13.850000, 2.440207, -0.971605, -0.475869, -2.358099 , -4.453309 , -1.851415
 T=13.900000, 2.469476, -0.914367, -0.452048, -2.235424 , -4.500605 , -1.874674
 T=13.950000, 2.497246, -0.856383, -0.427870, -2.111319 , -4.545022 , -1.896734
 T=14.000000, 2.523491, -0.797681, -0.403348, -1.985860 , -4.586523 , -1.917577
 T=14.050000, 2.548188, -0.738293, -0.378493, -1.859123 , -4.625074 , -1.937187
 T=14.100000, 2.571312, -0.678249, -0.353319, -1.731187 , -4.660640 , -1.955546
 T=14.150000, 2.592840, -0.617582, -0.327840, -1.602130 , -4.693190 , -1.972640
 T=14.200000, 2.612748, -0.556323, -0.302067, -1.472033 , -4.722693 , -1.988453
 T=14.250000, 2.631016, -0.494508, -0.276016, -1.340978 , -4.749120 , -2.002972
 T=14.300000, 2.647620, -0.432170, -0.249700, -1.209047 , -4.772445 , -2.016181
 T=14.350000, 2.662540, -0.369344, -0.223134, -1.076323 , -4.792642 , -2.028070
 T=14.400000, 2.675756, -0.306066, -0.196333, -0.942892 , -4.809687 , -2.038624
 T=14.450000, 2.687247, -0.242372, -0.169312, -0.808838 , -4.823559 , -2.047834
 T=14.500000, 2.696995, -0.178299, -0.142086, -0.674249 , -4.834238 , -2.055688
 T=14.550000, 2.704982, -0.113886, -0.114671, -0.539213 , -4.841705 , -2.062176
 T=14.600000, 2.711191, -0.049172, -0.087083, -0.403816 , -4.845944 , -2.067289
 T=14.650000, 2.715604, 0.015805, -0.059340, -0.268150 , -4.846942 , -2.071020
 T=14.700000, 2.718206, 0.081003, -0.031457, -0.132304 , -4.844685 , -2.073360
 T=14.750000, 2.718982, 0.146383, -0.003452, 0.003631 , -4.839165 , -2.074303
 T=14.800000, 2.717919, 0.211902, 0.024657, 0.139564 , -4.830372 , -2.073844
 T=14.850000, 2.715004, 0.277518, 0.052853, 0.275402 , -4.818301 , -2.071977
 T=14.900000, 2.710225, 0.343187, 0.081117, 0.411053 , -4.802947 , -2.068699
 T=14.950000, 2.703571, 0.408866, 0.109432, 0.546422 , -4.784310 , -2.064006
 T=15.000000, 2.695032, 0.474511, 0.137777, 0.681416 , -4.762390 , -2.057897
 T=15.050000, 2.684602, 0.540077, 0.166134, 0.815941 , -4.737189 , -2.050370
 T=15.100000, 2.672271, 0.605516, 0.194484, 0.949901 , -4.708712 , -2.041425
 T=15.150000, 2.658035, 0.670785, 0.222806, 1.083202 , -4.676967 , -2.031063
 T=15.200000, 2.641888, 0.735834, 0.251082, 1.215749 , -4.641963 , -2.019287
 T=15.250000, 2.623828, 0.800617, 0.279290, 1.347445 , -4.603712 , -2.006098
 T=15.300000, 2.603852, 0.865087, 0.307409, 1.478195 , -4.562229 , -1.991500
 T=15.350000, 2.581960, 0.929193, 0.335420, 1.607902 , -4.517531 , -1.975499
 T=15.400000, 2.558153, 0.992887, 0.363301, 1.736473 , -4.469636 , -1.958100
 T=15.450000, 2.532433, 1.056121, 0.391031, 1.863810 , -4.418567 , -1.939310
 T=15.500000, 2.504805, 1.118843, 0.418588, 1.989817 , -4.364348 , -1.919138
 T=15.550000, 2.475275, 1.181004, 0.445951, 2.114401 , -4.307005 , -1.897592
 T=15.600000, 2.443848, 1.242553, 0.473098, 2.237466 , -4.246567 , -1.874683
 T=15.650000, 2.410536, 1.303439, 0.500007, 2.358916 , -4.183067 , -1.850421
 T=15.700000, 2.375347, 1.363612, 0.526656, 2.478659 , -4.116538 , -1.824820
 T=15.750000, 2.338295, 1.423021, 0.553022, 2.596600 , -4.047017 , -1.797893
 T=15.800000, 2.299393, 1.481613, 0.579084, 2.712647 , -3.974544 , -1.769654
 T=15.850000, 2.258659, 1.539338, 0.604818, 2.826708 , -3.899161 , -1.740119
 T=15.900000, 2.216109, 1.596145, 0.630203, 2.938691 , -3.820912 , -1.709306
 T=15.950000, 2.171764, 1.651982, 0.655216, 3.048506 , -3.739845 , -1.677231
 T=16.000000, 2.125644, 1.706798, 0.679835, 3.156064 , -3.656008 , -1.643915
 T=16.050000, 2.077775, 1.760542, 0.704037, 3.261276 , -3.569454 , -1.609377
 T=16.100000, 2.028180, 1.813164, 0.727800, 3.364056 , -3.480238 , -1.573639
 T=16.150000, 1.976889, 1.864612, 0.751101, 3.464318 , -3.388418 , -1.536722
 T=16.200000, 1.923929, 1.914839, 0.773919, 3.561978 , -3.294052 , -1.498652
 T=16.250000, 1.869333, 1.963793, 0.796231, 3.656952 , -3.197203 , -1.459452
 T=16.300000, 1.813134, 2.011426, 0.818017, 3.749161 , -3.097936 , -1.419148
 T=16.350000, 1.755368, 2.057690, 0.839253, 3.838524 , -2.996318 , -1.377767
 T=16.400000, 1.696071, 2.102538, 0.859920, 3.924965 , -2.892418 , -1.335337
 T=16.450000, 1.635284, 2.145922, 0.879996, 4.008407 , -2.786309 , -1.291887
 T=16.500000, 1.573047, 2.187797, 0.899460, 4.088776 , -2.678065 , -1.247446
 T=16.550000, 1.509405, 2.228117, 0.918292, 4.166003 , -2.567761 , -1.202047
 T=16.600000, 1.444402, 2.266840, 0.936472, 4.240016 , -2.455477 , -1.155721
 T=16.650000, 1.378086, 2.303922, 0.953981, 4.310749 , -2.341294 , -1.108500
 T=16.700000, 1.310506, 2.339322, 0.970800, 4.378138 , -2.225295 , -1.060420
 T=16.750000, 1.241713, 2.372999, 0.986910, 4.442120 , -2.107564 , -1.011514
 T=16.800000, 1.171759, 2.404915, 1.002293, 4.502637 , -1.988188 , -0.961820
 T=16.850000, 1.100700, 2.435032, 1.016932, 4.559630 , -1.867257 , -0.911373
 T=16.900000, 1.028591, 2.463315, 1.030810, 4.613047 , -1.744862 , -0.860211
 T=16.950000, 0.955491, 2.489728, 1.043912, 4.662836 , -1.621094 , -0.808372
 T=17.000000, 0.881460, 2.514241, 1.056221, 4.708948 , -1.496048 , -0.755896
 T=17.050000, 0.806558, 2.536821, 1.067723, 4.751339 , -1.369820 , -0.702823
 T=17.100000, 0.730848, 2.557439, 1.078404, 4.789967 , -1.242507 , -0.649193
 T=17.150000, 0.654395, 2.576070, 1.088251, 4.824792 , -1.114207 , -0.595048
 T=17.200000, 0.577264, 2.592687, 1.097251, 4.855779 , -0.985022 , -0.540429
 T=17.250000, 0.499522, 2.607268, 1.105394, 4.882896 , -0.855051 , -0.485380
 T=17.300000, 0.421237, 2.619792, 1.112668, 4.906112 , -0.724397 , -0.429943
 T=17.350000, 0.342477, 2.630239, 1.119063, 4.925404 , -0.593164 , -0.374162
 T=17.400000, 0.263313, 2.638594, 1.124572, 4.940748 , -0.461455 , -0.318081
 T=17.450000, 0.183815, 2.644842, 1.129185, 4.952126 , -0.329376 , -0.261745
 T=17.500000, 0.104056, 2.648971, 1.132897, 4.959523 , -0.197032 , -0.205199
 T=17.550000, 0.024107, 2.650971, 1.135701, 4.962928 , -0.064530 , -0.148487
 T=17.600000, -0.055958, 2.650836, 1.137592, 4.962332 , 0.068024 , -0.091656
 T=17.650000, -0.136066, 2.648560, 1.138567, 4.957732 , 0.200524 , -0.034750
 T=17.700000, -0.216143, 2.644141, 1.138622, 4.949127 , 0.332861 , 0.022183
 T=17.750000, -0.296115, 2.637579, 1.137757, 4.936519 , 0.464929 , 0.079098
 T=17.800000, -0.375909, 2.628877, 1.135970, 4.919917 , 0.596621 , 0.135950
 T=17.850000, -0.455449, 2.618040, 1.133261, 4.899331 , 0.727830 , 0.192691
 T=17.900000, -0.534663, 2.605075, 1.129632, 4.874775 , 0.858449 , 0.249276
 T=17.950000, -0.613475, 2.589992, 1.125086, 4.846267 , 0.988372 , 0.305660
 T=18.000000, -0.691814, 2.572804, 1.119626, 4.813828 , 1.117494 , 0.361795
 T=18.050000, -0.769605, 2.553526, 1.113257, 4.777485 , 1.245709 , 0.417636
 T=18.100000, -0.846776, 2.532175, 1.105984, 4.737265 , 1.372913 , 0.473139
 T=18.150000, -0.923256, 2.508771, 1.097814, 4.693203 , 1.499004 , 0.528258
 T=18.200000, -0.998974, 2.483336, 1.088755, 4.645333 , 1.623878 , 0.582949
 T=18.250000, -1.073860, 2.455895, 1.078816, 4.593696 , 1.747436 , 0.637167
 T=18.300000, -1.147845, 2.426474, 1.068007, 4.538334 , 1.869577 , 0.690868
 T=18.350000, -1.220861, 2.395103, 1.056338, 4.479295 , 1.990203 , 0.744009
 T=18.400000, -1.292842, 2.361813, 1.043821, 4.416628 , 2.109217 , 0.796548
 T=18.450000, -1.363723, 2.326638, 1.030470, 4.350386 , 2.226524 , 0.848442
 T=18.500000, -1.433440, 2.289612, 1.016297, 4.280627 , 2.342030 , 0.899650
 T=18.550000, -1.501931, 2.250774, 1.001317, 4.207408 , 2.455644 , 0.950131
 T=18.600000, -1.569136, 2.210163, 0.985546, 4.130794 , 2.567276 , 0.999845
 T=18.650000, -1.634995, 2.167821, 0.969000, 4.050850 , 2.676839 , 1.048753
 T=18.700000, -1.699452, 2.123790, 0.951697, 3.967644 , 2.784246 , 1.096817
 T=18.750000, -1.762452, 2.078115, 0.933653, 3.881248 , 2.889414 , 1.143999
 T=18.800000, -1.823941, 2.030844, 0.914888, 3.791735 , 2.992263 , 1.190262
 T=18.850000, -1.883869, 1.982023, 0.895421, 3.699183 , 3.092713 , 1.235572
 T=18.900000, -1.942186, 1.931703, 0.875272, 3.603671 , 3.190688 , 1.279892
 T=18.950000, -1.998846, 1.879935, 0.854462, 3.505280 , 3.286114 , 1.323190
 T=19.000000, -2.053804, 1.826769, 0.833011, 3.404094 , 3.378921 , 1.365433
 T=19.050000, -2.107017, 1.772261, 0.810943, 3.300199 , 3.469038 , 1.406590
 T=19.100000, -2.158445, 1.716463, 0.788278, 3.193684 , 3.556401 , 1.446629
 T=19.150000, -2.208050, 1.659431, 0.765041, 3.084638 , 3.640946 , 1.485523
 T=19.200000, -2.255796, 1.601223, 0.741253, 2.973153 , 3.722612 , 1.523242
 T=19.250000, -2.301650, 1.541893, 0.716939, 2.859324 , 3.801343 , 1.559759
 T=19.300000, -2.345582, 1.481501, 0.692122, 2.743245 , 3.877083 , 1.595050
 T=19.350000, -2.387561, 1.420104, 0.666828, 2.625013 , 3.949781 , 1.629089
 T=19.400000, -2.427562, 1.357761, 0.641080, 2.504727 , 4.019387 , 1.661853
 T=19.450000, -2.465562, 1.294532, 0.614903, 2.382486 , 4.085856 , 1.693320
 T=19.500000, -2.501538, 1.230475, 0.588322, 2.258390 , 4.149145 , 1.723468
 T=19.550000, -2.535471, 1.165651, 0.561362, 2.132541 , 4.209213 , 1.752279
 T=19.600000, -2.567344, 1.100119, 0.534049, 2.005042 , 4.266024 , 1.779734
 T=19.650000, -2.597143, 1.033939, 0.506408, 1.875995 , 4.319543 , 1.805816
 T=19.700000, -2.624854, 0.967171, 0.478464, 1.745506 , 4.369740 , 1.830509
 T=19.750000, -2.650469, 0.899875, 0.450242, 1.613678 , 4.416587 , 1.853798
 T=19.800000, -2.673979, 0.832110, 0.421769, 1.480617 , 4.460057 , 1.875671
 T=19.850000, -2.695377, 0.763936, 0.393068, 1.346428 , 4.500131 , 1.896114
 T=19.900000, -2.714662, 0.695410, 0.364165, 1.211217 , 4.536787 , 1.915118
 T=19.950000, -2.731830, 0.626593, 0.335086, 1.075089 , 4.570010 , 1.932673
 T=20.000000, -2.746883, 0.557541, 0.305855, 0.938150 , 4.599787 , 1.948770
 T=20.050000, -2.759823, 0.488313, 0.276497, 0.800506 , 4.626107 , 1.963403
 T=20.100000, -2.770655, 0.418965, 0.247036, 0.662262 , 4.648963 , 1.976565
 T=20.150000, -2.779384, 0.349553, 0.217496, 0.523524 , 4.668349 , 1.988252
 T=20.200000, -2.786019, 0.280133, 0.187902, 0.384397 , 4.684265 , 1.998462
 T=20.250000, -2.790571, 0.210759, 0.158277, 0.244985 , 4.696710 , 2.007190
 T=20.300000, -2.793050, 0.141485, 0.128645, 0.105392 , 4.705689 , 2.014437
 T=20.350000, -2.793470, 0.072365, 0.099028, -0.034278 , 4.711207 , 2.020203
 T=20.400000, -2.791846, 0.003451, 0.069449, -0.173923 , 4.713274 , 2.024489
 T=20.450000, -2.788195, -0.065207, 0.039932, -0.313442 , 4.711901 , 2.027297
 T=20.500000, -2.782534, -0.133558, 0.010496, -0.452732 , 4.707101 , 2.028631
 T=20.550000, -2.774883, -0.201553, -0.018835, -0.591695 , 4.698892 , 2.028495
 T=20.600000, -2.765264, -0.269144, -0.048040, -0.730231 , 4.687291 , 2.026896
 T=20.650000, -2.753697, -0.336283, -0.077100, -0.868242 , 4.672322 , 2.023839
 T=20.700000, -2.740207, -0.402925, -0.105993, -1.005631 , 4.654006 , 2.019333
 T=20.750000, -2.724818, -0.469025, -0.134700, -1.142303 , 4.632370 , 2.013387
 T=20.800000, -2.707556, -0.534538, -0.163201, -1.278163 , 4.607442 , 2.006010
 T=20.850000, -2.688447, -0.599421, -0.191478, -1.413119 , 4.579253 , 1.997212
 T=20.900000, -2.667520, -0.663635, -0.219511, -1.547078 , 4.547834 , 1.987007
 T=20.950000, -2.644803, -0.727137, -0.247283, -1.679950 , 4.513221 , 1.975405
 T=21.000000, -2.620326, -0.789888, -0.274776, -1.811646 , 4.475449 , 1.962421
 T=21.050000, -2.594120, -0.851851, -0.301973, -1.942080 , 4.434557 , 1.948069
 T=21.100000, -2.566215, -0.912988, -0.328858, -2.071165 , 4.390585 , 1.932364
 T=21.150000, -2.536644, -0.973264, -0.355414, -2.198817 , 4.343576 , 1.915323
 T=21.200000, -2.505439, -1.032643, -0.381625, -2.324954 , 4.293573 , 1.896961
 T=21.250000, -2.472635, -1.091093, -0.407477, -2.449495 , 4.240622 , 1.877296
 T=21.300000, -2.438264, -1.148580, -0.432955, -2.572359 , 4.184770 , 1.856348
 T=21.350000, -2.402362, -1.205074, -0.458044, -2.693471 , 4.126065 , 1.834134
 T=21.400000, -2.364964, -1.260544, -0.482731, -2.812754 , 4.064559 , 1.810674
 T=21.450000, -2.326104, -1.314961, -0.507001, -2.930133 , 4.000303 , 1.785990
 T=21.500000, -2.285820, -1.368298, -0.530844, -3.045538 , 3.933351 , 1.760102
 T=21.550000, -2.244147, -1.420527, -0.554245, -3.158897 , 3.863756 , 1.733031
 T=21.600000, -2.201122, -1.471622, -0.577194, -3.270142 , 3.791575 , 1.704801
 T=21.650000, -2.156782, -1.521560, -0.599678, -3.379206 , 3.716866 , 1.675433
 T=21.700000, -2.111165, -1.570316, -0.621687, -3.486024 , 3.639686 , 1.644952
 T=21.750000, -2.064307, -1.617867, -0.643210, -3.590533 , 3.560095 , 1.613381
 T=21.800000, -2.016246, -1.664193, -0.664237, -3.692671 , 3.478154 , 1.580746
 T=21.850000, -1.967021, -1.709272, -0.684758, -3.792381 , 3.393925 , 1.547070
 T=21.900000, -1.916669, -1.753085, -0.704763, -3.889604 , 3.307471 , 1.512380
 T=21.950000, -1.865229, -1.795614, -0.724244, -3.984284 , 3.218854 , 1.476701
 T=22.000000, -1.812738, -1.836840, -0.743193, -4.076369 , 3.128140 , 1.440060
 T=22.050000, -1.759234, -1.876747, -0.761601, -4.165806 , 3.035395 , 1.402484
 T=22.100000, -1.704757, -1.915319, -0.779461, -4.252546 , 2.940684 , 1.364000
 T=22.150000, -1.649345, -1.952541, -0.796764, -4.336541 , 2.844075 , 1.324636
 T=22.200000, -1.593036, -1.988399, -0.813505, -4.417745 , 2.745636 , 1.284418
 T=22.250000, -1.535867, -2.022880, -0.829676, -4.496114 , 2.645434 , 1.243377
 T=22.300000, -1.477879, -2.055972, -0.845272, -4.571606 , 2.543540 , 1.201540
 T=22.350000, -1.419108, -2.087662, -0.860287, -4.644180 , 2.440022 , 1.158936
 T=22.400000, -1.359593, -2.117941, -0.874714, -4.713800 , 2.334952 , 1.115595
 T=22.450000, -1.299372, -2.146799, -0.888549, -4.780427 , 2.228400 , 1.071545
 T=22.500000, -1.238483, -2.174225, -0.901788, -4.844028 , 2.120437 , 1.026817
 T=22.550000, -1.176965, -2.200213, -0.914424, -4.904571 , 2.011135 , 0.981441
 T=22.600000, -1.114854, -2.224754, -0.926456, -4.962024 , 1.900566 , 0.935447
 T=22.650000, -1.052189, -2.247841, -0.937877, -5.016359 , 1.788803 , 0.888864
 T=22.700000, -0.989007, -2.269468, -0.948685, -5.067549 , 1.675918 , 0.841725
 T=22.750000, -0.925346, -2.289630, -0.958877, -5.115569 , 1.561985 , 0.794059
 T=22.800000, -0.861243, -2.308321, -0.968450, -5.160395 , 1.447077 , 0.745897
 T=22.850000, -0.796735, -2.325538, -0.977400, -5.202008 , 1.331268 , 0.697270
 T=22.900000, -0.731858, -2.341277, -0.985726, -5.240386 , 1.214631 , 0.648210
 T=22.950000, -0.666651, -2.355535, -0.993425, -5.275513 , 1.097240 , 0.598748
 T=23.000000, -0.601149, -2.368310, -1.000495, -5.307373 , 0.979169 , 0.548915
 T=23.050000, -0.535390, -2.379601, -1.006935, -5.335952 , 0.860494 , 0.498743
 T=23.100000, -0.469408, -2.389405, -1.012744, -5.361238 , 0.741287 , 0.448263
 T=23.150000, -0.403241, -2.397723, -1.017920, -5.383220 , 0.621623 , 0.397507
 T=23.200000, -0.336925, -2.404555, -1.022463, -5.401891 , 0.501578 , 0.346506
 T=23.250000, -0.270495, -2.409900, -1.026372, -5.417243 , 0.381223 , 0.295292
 T=23.300000, -0.203987, -2.413762, -1.029646, -5.429271 , 0.260635 , 0.243897
 T=23.350000, -0.137437, -2.416141, -1.032286, -5.437973 , 0.139888 , 0.192353
 T=23.400000, -0.070879, -2.417039, -1.034292, -5.443347 , 0.019054 , 0.140691
 T=23.450000, -0.004349, -2.416460, -1.035663, -5.445394 , -0.101791 , 0.088943
 T=23.500000, 0.062118, -2.414406, -1.036401, -5.444116 , -0.222574 , 0.037141
 T=23.550000, 0.128488, -2.410883, -1.036507, -5.439516 , -0.343221 , -0.014684
 T=23.600000, 0.194725, -2.405893, -1.035980, -5.431601 , -0.463659 , -0.066501
 T=23.650000, 0.260795, -2.399442, -1.034824, -5.420377 , -0.583814 , -0.118276
 T=23.700000, 0.326665, -2.391535, -1.033038, -5.405855 , -0.703614 , -0.169980
 T=23.750000, 0.392300, -2.382178, -1.030626, -5.388043 , -0.822986 , -0.221580
 T=23.800000, 0.457665, -2.371377, -1.027588, -5.366957 , -0.941858 , -0.273045
 T=23.850000, 0.522728, -2.359140, -1.023926, -5.342608 , -1.060158 , -0.324345
 T=23.900000, 0.587454, -2.345473, -1.019644, -5.315014 , -1.177813 , -0.375448
 T=23.950000, 0.651811, -2.330385, -1.014744, -5.284192 , -1.294753 , -0.426322
 T=24.000000, 0.715764, -2.313883, -1.009228, -5.250160 , -1.410907 , -0.476938
 T=24.050000, 0.779281, -2.295977, -1.003099, -5.212941 , -1.526204 , -0.527264
 T=24.100000, 0.842329, -2.276675, -0.996360, -5.172557 , -1.640574 , -0.577270
 T=24.150000, 0.904874, -2.255988, -0.989016, -5.129031 , -1.753948 , -0.626925
 T=24.200000, 0.966885, -2.233926, -0.981069, -5.082389 , -1.866257 , -0.676199
 T=24.250000, 1.028328, -2.210498, -0.972523, -5.032660 , -1.977432 , -0.725063
 T=24.300000, 1.089171, -2.185717, -0.963383, -4.979872 , -2.087405 , -0.773486
 T=24.350000, 1.149382, -2.159595, -0.953652, -4.924057 , -2.196108 , -0.821438
 T=24.400000, 1.208929, -2.132143, -0.943335, -4.865245 , -2.303476 , -0.868891
 T=24.450000, 1.267780, -2.103373, -0.932436, -4.803471 , -2.409441 , -0.915815
 T=24.500000, 1.325903, -2.073300, -0.920961, -4.738771 , -2.513938 , -0.962181
 T=24.550000, 1.383266, -2.041937, -0.908914, -4.671182 , -2.616903 , -1.007960
 T=24.600000, 1.439838, -2.009298, -0.896301, -4.600743 , -2.718271 , -1.053125
 T=24.650000, 1.495588, -1.975398, -0.883128, -4.527493 , -2.817978 , -1.097646
 T=24.700000, 1.550485, -1.940251, -0.869399, -4.451475 , -2.915962 , -1.141495
 T=24.750000, 1.604496, -1.903874, -0.855122, -4.372732 , -3.012161 , -1.184646
 T=24.800000, 1.657593, -1.866284, -0.840302, -4.291308 , -3.106514 , -1.227071
 T=24.850000, 1.709743, -1.827496, -0.824946, -4.207251 , -3.198961 , -1.268743
 T=24.900000, 1.760917, -1.787528, -0.809061, -4.120609 , -3.289441 , -1.309635
 T=24.950000, 1.811084, -1.746398, -0.792653, -4.031430 , -3.377897 , -1.349721
 T=25.000000, 1.860213, -1.704125, -0.775729, -3.939766 , -3.464270 , -1.388975
 T=25.050000, 1.908276, -1.660727, -0.758298, -3.845670 , -3.548504 , -1.427371
 T=25.100000, 1.955243, -1.616225, -0.740366, -3.749194 , -3.630544 , -1.464885
 T=25.150000, 2.001083, -1.570638, -0.721942, -3.650396 , -3.710334 , -1.501491
 T=25.200000, 2.045767, -1.523987, -0.703034, -3.549332 , -3.787821 , -1.537164
 T=25.250000, 2.089267, -1.476294, -0.683650, -3.446060 , -3.862951 , -1.571882
 T=25.300000, 2.131554, -1.427581, -0.663800, -3.340640 , -3.935674 , -1.605620
 T=25.350000, 2.172598, -1.377870, -0.643492, -3.233133 , -4.005938 , -1.638355
 T=25.400000, 2.212373, -1.327185, -0.622735, -3.123603 , -4.073696 , -1.670064
 T=25.450000, 2.250849, -1.275550, -0.601539, -3.012114 , -4.138897 , -1.700726
 T=25.500000, 2.287999, -1.222989, -0.579915, -2.898730 , -4.201496 , -1.730318
 T=25.550000, 2.323796, -1.169528, -0.557871, -2.783519 , -4.261446 , -1.758819
 T=25.600000, 2.358212, -1.115192, -0.535419, -2.666549 , -4.318703 , -1.786209
 T=25.650000, 2.391222, -1.060009, -0.512569, -2.547890 , -4.373225 , -1.812468
 T=25.700000, 2.422797, -1.004004, -0.489333, -2.427612 , -4.424968 , -1.837575
 T=25.750000, 2.452913, -0.947208, -0.465721, -2.305789 , -4.473894 , -1.861512
 T=25.800000, 2.481544, -0.889647, -0.441746, -2.182492 , -4.519962 , -1.884260
 T=25.850000, 2.508665, -0.831352, -0.417419, -2.057799 , -4.563136 , -1.905801
 T=25.900000, 2.534251, -0.772352, -0.392753, -1.931783 , -4.603379 , -1.926119
 T=25.950000, 2.558277, -0.712680, -0.367760, -1.804524 , -4.640657 , -1.945195
 T=26.000000, 2.580721, -0.652365, -0.342454, -1.676098 , -4.674936 , -1.963015
 T=26.050000, 2.601559, -0.591441, -0.316847, -1.546587 , -4.706186 , -1.979563
 T=26.100000, 2.620768, -0.529940, -0.290954, -1.416070 , -4.734376 , -1.994824
 T=26.150000, 2.638326, -0.467897, -0.264788, -1.284630 , -4.759480 , -2.008784
 T=26.200000, 2.654213, -0.405345, -0.238363, -1.152349 , -4.781469 , -2.021430
 T=26.250000, 2.668406, -0.342321, -0.211694, -1.019312 , -4.800320 , -2.032749
 T=26.300000, 2.680886, -0.278861, -0.184797, -0.885604 , -4.816010 , -2.042729
 T=26.350000, 2.691634, -0.215000, -0.157686, -0.751310 , -4.828518 , -2.051360
 T=26.400000, 2.700631, -0.150777, -0.130377, -0.616519 , -4.837824 , -2.058631
 T=26.450000, 2.707859, -0.086230, -0.102887, -0.481317 , -4.843912 , -2.064532
 T=26.500000, 2.713301, -0.021399, -0.075230, -0.345795 , -4.846766 , -2.069054
 T=26.550000, 2.716941, 0.043678, -0.047425, -0.210040 , -4.846373 , -2.072191
 T=26.600000, 2.718764, 0.108959, -0.019488, -0.074145 , -4.842721 , -2.073934
 T=26.650000, 2.718755, 0.174403, 0.008564, 0.061801 , -4.835801 , -2.074278
 T=26.700000, 2.716901, 0.239969, 0.036712, 0.197705 , -4.825606 , -2.073216
 T=26.750000, 2.713189, 0.305613, 0.064940, 0.333474 , -4.812131 , -2.070746
 T=26.800000, 2.707609, 0.371292, 0.093228, 0.469015 , -4.795372 , -2.066863
 T=26.850000, 2.700150, 0.436962, 0.121558, 0.604236 , -4.775330 , -2.061564
 T=26.900000, 2.690803, 0.502579, 0.149911, 0.739041 , -4.752005 , -2.054848
 T=26.950000, 2.679560, 0.568096, 0.178267, 0.873336 , -4.725402 , -2.046715
 T=27.000000, 2.666414, 0.633468, 0.206608, 1.007026 , -4.695525 , -2.037164
 T=27.050000, 2.651361, 0.698649, 0.234912, 1.140016 , -4.662384 , -2.026196
 T=27.100000, 2.634396, 0.763590, 0.263161, 1.272210 , -4.625990 , -2.013815
 T=27.150000, 2.615516, 0.828245, 0.291334, 1.403513 , -4.586354 , -2.000022
 T=27.200000, 2.594720, 0.892565, 0.319410, 1.533829 , -4.543493 , -1.984823
 T=27.250000, 2.572008, 0.956501, 0.347368, 1.663062 , -4.497425 , -1.968223
 T=27.300000, 2.547383, 1.020005, 0.375187, 1.791116 , -4.448169 , -1.950228
 T=27.350000, 2.520846, 1.083025, 0.402845, 1.917896 , -4.395748 , -1.930846
 T=27.400000, 2.492403, 1.145514, 0.430322, 2.043306 , -4.340189 , -1.910085
 T=27.450000, 2.462060, 1.207419, 0.457596, 2.167251 , -4.281518 , -1.887954
 T=27.500000, 2.429825, 1.268691, 0.484643, 2.289637 , -4.219766 , -1.864465
 T=27.550000, 2.395708, 1.329278, 0.511444, 2.410368 , -4.154965 , -1.839629
 T=27.600000, 2.359721, 1.389130, 0.537974, 2.529351 , -4.087151 , -1.813458
 T=27.650000, 2.321875, 1.448196, 0.564213, 2.646494 , -4.016362 , -1.785968
 T=27.700000, 2.282188, 1.506424, 0.590137, 2.761702 , -3.942639 , -1.757173
 T=27.750000, 2.240674, 1.563762, 0.615725, 2.874885 , -3.866024 , -1.727089
 T=27.800000, 2.197353, 1.620160, 0.640954, 2.985951 , -3.786563 , -1.695733
 T=27.850000, 2.152246, 1.675566, 0.665801, 3.094811 , -3.704304 , -1.663125
 T=27.900000, 2.105375, 1.729930, 0.690244, 3.201376 , -3.619298 , -1.629283
 T=27.950000, 2.056764, 1.783200, 0.714260, 3.305558 , -3.531598 , -1.594229
 T=28.000000, 2.006439, 1.835326, 0.737828, 3.407271 , -3.441261 , -1.557984
 T=28.050000, 1.954430, 1.886258, 0.760926, 3.506430 , -3.348343 , -1.520571
 T=28.100000, 1.900766, 1.935946, 0.783530, 3.602951 , -3.252907 , -1.482014
 T=28.150000, 1.845480, 1.984341, 0.805620, 3.696752 , -3.155016 , -1.442338
 T=28.200000, 1.788606, 2.031394, 0.827173, 3.787752 , -3.054734 , -1.401570
 T=28.250000, 1.730180, 2.077058, 0.848168, 3.875874 , -2.952131 , -1.359736
 T=28.300000, 1.670241, 2.121285, 0.868584, 3.961041 , -2.847277 , -1.316866
 T=28.350000, 1.608828, 2.164029, 0.888401, 4.043177 , -2.740245 , -1.272989
 T=28.400000, 1.545984, 2.205244, 0.907597, 4.122210 , -2.631110 , -1.228134
 T=28.450000, 1.481754, 2.244886, 0.926152, 4.198070 , -2.519949 , -1.182334
 T=28.500000, 1.416183, 2.282912, 0.944048, 4.270688 , -2.406842 , -1.135621
 T=28.550000, 1.349320, 2.319279, 0.961264, 4.339998 , -2.291872 , -1.088028
 T=28.600000, 1.281214, 2.353946, 0.977781, 4.405937 , -2.175121 , -1.039591
 T=28.650000, 1.211918, 2.386875, 0.993583, 4.468443 , -2.056675 , -0.990343
 T=28.700000, 1.141484, 2.418025, 1.008649, 4.527459 , -1.936623 , -0.940322
 T=28.750000, 1.069969, 2.447362, 1.022965, 4.582928 , -1.815054 , -0.889564
 T=28.800000, 0.997429, 2.474849, 1.036513, 4.634798 , -1.692060 , -0.838108
 T=28.850000, 0.923923, 2.500453, 1.049277, 4.683020 , -1.567734 , -0.785992
 T=28.900000, 0.849511, 2.524142, 1.061243, 4.727545 , -1.442170 , -0.733255
 T=28.950000, 0.774256, 2.545886, 1.072395, 4.768331 , -1.315466 , -0.679939
 T=29.000000, 0.698220, 2.565657, 1.082721, 4.805336 , -1.187718 , -0.626083
 T=29.050000, 0.621469, 2.583429, 1.092207, 4.838523 , -1.059027 , -0.571730
 T=29.100000, 0.544068, 2.599178, 1.100842, 4.867857 , -0.929493 , -0.516922
 T=29.150000, 0.466085, 2.612881, 1.108614, 4.893309 , -0.799217 , -0.461702
 T=29.200000, 0.387588, 2.624518, 1.115513, 4.914849 , -0.668303 , -0.406112
 T=29.250000, 0.308647, 2.634072, 1.121530, 4.932454 , -0.536853 , -0.350197
 T=29.300000, 0.229331, 2.641527, 1.126656, 4.946103 , -0.404973 , -0.294002
 T=29.350000, 0.149713, 2.646869, 1.130885, 4.955779 , -0.272768 , -0.237570
 T=29.400000, 0.069863, 2.650088, 1.134208, 4.961469 , -0.140343 , -0.180947
 T=29.450000, -0.010144, 2.651175, 1.136622, 4.963162 , -0.007806 , -0.124179
 T=29.500000, -0.090236, 2.650125, 1.138122, 4.960853 , 0.124738 , -0.067310
 T=29.550000, -0.170340, 2.646932, 1.138703, 4.954539 , 0.257181 , -0.010387
 T=29.600000, -0.250382, 2.641596, 1.138365, 4.944221 , 0.389417 , 0.046544
 T=29.650000, -0.330287, 2.634118, 1.137105, 4.929903 , 0.521337 , 0.103438
 T=29.700000, -0.409981, 2.624501, 1.134923, 4.911594 , 0.652835 , 0.160248
 T=29.750000, -0.489391, 2.612752, 1.131821, 4.889307 , 0.783805 , 0.216928
 T=29.800000, -0.568441, 2.598879, 1.127799, 4.863057 , 0.914139 , 0.273432
 T=29.850000, -0.647060, 2.582894, 1.122861, 4.832865 , 1.043732 , 0.329715
 T=29.900000, -0.725173, 2.564810, 1.117011, 4.798752 , 1.172479 , 0.385730
 T=29.950000, -0.802708, 2.544642, 1.110255, 4.760746 , 1.300274 , 0.441432
 T=30.000000, -0.879592, 2.522410, 1.102597, 4.718878 , 1.427014 , 0.496776
 T=30.050000, -0.955755, 2.498134, 1.094046, 4.673182 , 1.552597 , 0.551717
 T=30.100000, -1.031125, 2.471837, 1.084609, 4.623695 , 1.676920 , 0.606211
 T=30.150000, -1.105634, 2.443545, 1.074297, 4.570458 , 1.799884 , 0.660213
 T=30.200000, -1.179212, 2.413287, 1.063118, 4.513517 , 1.921388 , 0.713680
 T=30.250000, -1.251794, 2.381090, 1.051085, 4.452919 , 2.041336 , 0.766569
 T=30.300000, -1.323312, 2.346989, 1.038209, 4.388716 , 2.159631 , 0.818837
 T=30.350000, -1.393702, 2.311018, 1.024504, 4.320962 , 2.276179 , 0.870442
 T=30.400000, -1.462902, 2.273212, 1.009984, 4.249714 , 2.390886 , 0.921344
 T=30.450000, -1.530850, 2.233610, 0.994664, 4.175035 , 2.503663 , 0.971502
 T=30.500000, -1.597486, 2.192253, 0.978560, 4.096988 , 2.614420 , 1.020876
 T=30.550000, -1.662752, 2.149183, 0.961687, 4.015639 , 2.723071 , 1.069427
 T=30.600000, -1.726592, 2.104443, 0.944065, 3.931059 , 2.829530 , 1.117118
 T=30.650000, -1.788952, 2.058079, 0.925710, 3.843320 , 2.933716 , 1.163911
 T=30.700000, -1.849779, 2.010139, 0.906642, 3.752498 , 3.035548 , 1.209771
 T=30.750000, -1.909023, 1.960671, 0.886881, 3.658669 , 3.134948 , 1.254661
 T=30.800000, -1.966637, 1.909725, 0.866446, 3.561915 , 3.231841 , 1.298548
 T=30.850000, -2.022574, 1.857352, 0.845360, 3.462317 , 3.326155 , 1.341399
 T=30.900000, -2.076790, 1.803605, 0.823642, 3.359962 , 3.417818 , 1.383181
 T=30.950000, -2.129244, 1.748538, 0.801316, 3.254935 , 3.506765 , 1.423863
 T=31.000000, -2.179896, 1.692206, 0.778403, 3.147325 , 3.592930 , 1.463415
 T=31.050000, -2.228710, 1.634663, 0.754927, 3.037225 , 3.676250 , 1.501810
 T=31.100000, -2.275650, 1.575968, 0.730911, 2.924725 , 3.756667 , 1.539018
 T=31.150000, -2.320685, 1.516177, 0.706379, 2.809921 , 3.834125 , 1.575013
 T=31.200000, -2.363785, 1.455347, 0.681355, 2.692909 , 3.908569 , 1.609771
 T=31.250000, -2.404921, 1.393539, 0.655864, 2.573786 , 3.979950 , 1.643267
 T=31.300000, -2.444068, 1.330809, 0.629929, 2.452651 , 4.048219 , 1.675479
 T=31.350000, -2.481204, 1.267219, 0.603576, 2.329604 , 4.113332 , 1.706384
 T=31.400000, -2.516308, 1.202826, 0.576830, 2.204745 , 4.175247 , 1.735963
 T=31.450000, -2.549362, 1.137692, 0.549716, 2.078178 , 4.233926 , 1.764196
 T=31.500000, -2.580349, 1.071875, 0.522260, 1.950004 , 4.289332 , 1.791065
 T=31.550000, -2.609256, 1.005437, 0.494486, 1.820328 , 4.341434 , 1.816554
 T=31.600000, -2.636071, 0.938435, 0.466420, 1.689253 , 4.390200 , 1.840648
 T=31.650000, -2.660786, 0.870931, 0.438088, 1.556884 , 4.435605 , 1.863333
 T=31.700000, -2.683393, 0.802984, 0.409514, 1.423328 , 4.477625 , 1.884595
 T=31.750000, -2.703887, 0.734652, 0.380723, 1.288688 , 4.516238 , 1.904424
 T=31.800000, -2.722266, 0.665995, 0.351742, 1.153072 , 4.551427 , 1.922809
 T=31.850000, -2.738529, 0.597070, 0.322595, 1.016584 , 4.583177 , 1.939741
 T=31.900000, -2.752677, 0.527936, 0.293306, 0.879330 , 4.611475 , 1.955212
 T=31.950000, -2.764714, 0.458650, 0.263901, 0.741417 , 4.636314 , 1.969216
 T=32.000000, -2.774645, 0.389268, 0.234404, 0.602949 , 4.657685 , 1.981748
 T=32.050000, -2.782478, 0.319845, 0.204838, 0.464032 , 4.675587 , 1.992803
 T=32.100000, -2.788220, 0.250438, 0.175228, 0.324770 , 4.690017 , 2.002379
 T=32.150000, -2.791883, 0.181101, 0.145597, 0.185268 , 4.700979 , 2.010474
 T=32.200000, -2.793479, 0.111887, 0.115968, 0.045630 , 4.708476 , 2.017087
 T=32.250000, -2.793023, 0.042848, 0.086365, -0.094042 , 4.712516 , 2.022219
 T=32.300000, -2.790529, -0.025962, 0.056810, -0.233646 , 4.713109 , 2.025872
 T=32.350000, -2.786016, -0.094495, 0.027325, -0.373079 , 4.710268 , 2.028049
 T=32.400000, -2.779501, -0.162700, -0.002068, -0.512241 , 4.704007 , 2.028753
 T=32.450000, -2.771005, -0.230528, -0.031348, -0.651033 , 4.694344 , 2.027990
 T=32.500000, -2.760550, -0.297931, -0.060494, -0.789357 , 4.681299 , 2.025767
 T=32.550000, -2.748157, -0.364863, -0.089485, -0.927113 , 4.664895 , 2.022089
 T=32.600000, -2.733852, -0.431278, -0.118301, -1.064207 , 4.645155 , 2.016966
 T=32.650000, -2.717658, -0.497131, -0.146922, -1.200543 , 4.622107 , 2.010406
 T=32.700000, -2.699603, -0.562380, -0.175329, -1.336027 , 4.595780 , 2.002420
 T=32.750000, -2.679712, -0.626982, -0.203504, -1.470567 , 4.566205 , 1.993018
 T=32.800000, -2.658016, -0.690896, -0.231427, -1.604072 , 4.533415 , 1.982214
 T=32.850000, -2.634542, -0.754081, -0.259082, -1.736452 , 4.497445 , 1.970019
 T=32.900000, -2.609321, -0.816500, -0.286451, -1.867619 , 4.458333 , 1.956448
 T=32.950000, -2.582384, -0.878114, -0.313516, -1.997486 , 4.416119 , 1.941515
 T=33.000000, -2.553762, -0.938887, -0.340262, -2.125968 , 4.370842 , 1.925236
 T=33.050000, -2.523488, -0.998783, -0.366672, -2.252982 , 4.322546 , 1.907627
 T=33.100000, -2.491595, -1.057769, -0.392732, -2.378445 , 4.271276 , 1.888706
 T=33.150000, -2.458116, -1.115810, -0.418425, -2.502278 , 4.217078 , 1.868490
 T=33.200000, -2.423086, -1.172876, -0.443738, -2.624402 , 4.159999 , 1.846997
 T=33.250000, -2.386539, -1.228935, -0.468657, -2.744740 , 4.100090 , 1.824248
 T=33.300000, -2.348512, -1.283958, -0.493167, -2.863218 , 4.037401 , 1.800262
 T=33.350000, -2.309038, -1.337917, -0.517256, -2.979761 , 3.971984 , 1.775060
 T=33.400000, -2.268155, -1.390782, -0.540912, -3.094299 , 3.903894 , 1.748663
 T=33.450000, -2.225899, -1.442529, -0.564121, -3.206761 , 3.833186 , 1.721093
 T=33.500000, -2.182307, -1.493132, -0.586872, -3.317081 , 3.759916 , 1.692374
 T=33.550000, -2.137416, -1.542567, -0.609154, -3.425191 , 3.684143 , 1.662527
 T=33.600000, -2.091263, -1.590810, -0.630956, -3.531029 , 3.605924 , 1.631576
 T=33.650000, -2.043886, -1.637840, -0.652268, -3.634531 , 3.525320 , 1.599547
 T=33.700000, -1.995323, -1.683635, -0.673080, -3.735638 , 3.442393 , 1.566463
 T=33.750000, -1.945611, -1.728175, -0.693381, -3.834290 , 3.357204 , 1.532350
 T=33.800000, -1.894789, -1.771440, -0.713163, -3.930431 , 3.269816 , 1.497234
 T=33.850000, -1.842894, -1.813413, -0.732418, -4.024007 , 3.180294 , 1.461140
 T=33.900000, -1.789965, -1.854077, -0.751136, -4.114965 , 3.088703 , 1.424096
 T=33.950000, -1.736041, -1.893415, -0.769310, -4.203254 , 2.995109 , 1.386128
 T=34.000000, -1.681159, -1.931411, -0.786933, -4.288826 , 2.899578 , 1.347264
 T=34.050000, -1.625358, -1.968051, -0.803996, -4.371632 , 2.802177 , 1.307531
 T=34.100000, -1.568676, -2.003321, -0.820494, -4.451628 , 2.702975 , 1.266958
 T=34.150000, -1.511152, -2.037209, -0.836420, -4.528771 , 2.602041 , 1.225572
 T=34.200000, -1.452824, -2.069703, -0.851768, -4.603019 , 2.499444 , 1.183404
 T=34.250000, -1.393731, -2.100791, -0.866532, -4.674334 , 2.395253 , 1.140481
 T=34.300000, -1.333909, -2.130463, -0.880706, -4.742677 , 2.289540 , 1.096833
 T=34.350000, -1.273398, -2.158709, -0.894287, -4.808014 , 2.182376 , 1.052489
 T=34.400000, -1.212235, -2.185521, -0.907268, -4.870310 , 2.073831 , 1.007480
 T=34.450000, -1.150459, -2.210890, -0.919646, -4.929535 , 1.963978 , 0.961836
 T=34.500000, -1.088106, -2.234810, -0.931417, -4.985657 , 1.852889 , 0.915586
 T=34.550000, -1.025216, -2.257273, -0.942577, -5.038649 , 1.740637 , 0.868762
 T=34.600000, -0.961824, -2.278274, -0.953122, -5.088486 , 1.627295 , 0.821393
 T=34.650000, -0.897969, -2.297807, -0.963049, -5.135142 , 1.512936 , 0.773511
 T=34.700000, -0.833688, -2.315868, -0.972355, -5.178596 , 1.397633 , 0.725147
 T=34.750000, -0.769018, -2.332453, -0.981039, -5.218827 , 1.281461 , 0.676331
 T=34.800000, -0.703996, -2.347559, -0.989096, -5.255816 , 1.164492 , 0.627095
 T=34.850000, -0.638658, -2.361183, -0.996527, -5.289547 , 1.046801 , 0.577471
 T=34.900000, -0.573041, -2.373323, -1.003328, -5.320005 , 0.928463 , 0.527489
 T=34.950000, -0.507182, -2.383977, -1.009498, -5.347176 , 0.809551 , 0.477181
 T=35.000000, -0.441117, -2.393145, -1.015036, -5.371049 , 0.690140 , 0.426579
 T=35.050000, -0.374882, -2.400827, -1.019942, -5.391615 , 0.570303 , 0.375714
 T=35.100000, -0.308513, -2.407023, -1.024213, -5.408867 , 0.450117 , 0.324618
 T=35.150000, -0.242045, -2.411734, -1.027850, -5.422797 , 0.329653 , 0.273323
 T=35.200000, -0.175515, -2.414961, -1.030853, -5.433403 , 0.208988 , 0.221860
 T=35.250000, -0.108957, -2.416706, -1.033222, -5.440681 , 0.088194 , 0.170262
 T=35.300000, -0.042407, -2.416972, -1.034956, -5.444631 , -0.032653 , 0.118559
 T=35.350000, 0.024100, -2.415761, -1.036056, -5.445255 , -0.153480 , 0.066784
 T=35.400000, 0.090530, -2.413078, -1.036524, -5.442555 , -0.274214 , 0.014968
 T=35.450000, 0.156847, -2.408926, -1.036359, -5.436536 , -0.394781 , -0.036857
 T=35.500000, 0.223017, -2.403311, -1.035562, -5.427204 , -0.515107 , -0.088660
 T=35.550000, 0.289006, -2.396236, -1.034137, -5.414567 , -0.635119 , -0.140408
 T=35.600000, 0.354779, -2.387708, -1.032083, -5.398636 , -0.754745 , -0.192072
 T=35.650000, 0.420303, -2.377733, -1.029402, -5.379422 , -0.873912 , -0.243618
 T=35.700000, 0.485543, -2.366317, -1.026097, -5.356938 , -0.992548 , -0.295016
 T=35.750000, 0.550466, -2.353467, -1.022170, -5.331198 , -1.110580 , -0.346235
 T=35.800000, 0.615038, -2.339191, -1.017623, -5.302221 , -1.227938 , -0.397244
 T=35.850000, 0.679226, -2.323497, -1.012459, -5.270023 , -1.344550 , -0.448012
 T=35.900000, 0.742997, -2.306393, -1.006680, -5.234625 , -1.460346 , -0.498507
 T=35.950000, 0.806317, -2.287888, -1.000290, -5.196048 , -1.575255 , -0.548700
 T=36.000000, 0.869154, -2.267993, -0.993292, -5.154317 , -1.689208 , -0.598559
 T=36.050000, 0.931474, -2.246716, -0.985689, -5.109455 , -1.802134 , -0.648055
 T=36.100000, 0.993246, -2.224068, -0.977486, -5.061489 , -1.913966 , -0.697158
 T=36.150000, 1.054436, -2.200060, -0.968685, -5.010447 , -2.024635 , -0.745836
 T=36.200000, 1.115013, -2.174704, -0.959291, -4.956360 , -2.134073 , -0.794062
 T=36.250000, 1.174944, -2.148011, -0.949309, -4.899258 , -2.242213 , -0.841804
 T=36.300000, 1.234197, -2.119994, -0.938742, -4.839175 , -2.348989 , -0.889034
 T=36.350000, 1.292740, -2.090665, -0.927596, -4.776145 , -2.454334 , -0.935723
 T=36.400000, 1.350542, -2.060038, -0.915876, -4.710204 , -2.558183 , -0.981841
 T=36.450000, 1.407571, -2.028127, -0.903586, -4.641390 , -2.660472 , -1.027361
 T=36.500000, 1.463795, -1.994947, -0.890733, -4.569743 , -2.761138 , -1.072253
 T=36.550000, 1.519184, -1.960511, -0.877321, -4.495304 , -2.860115 , -1.116491
 T=36.600000, 1.573705, -1.924836, -0.863358, -4.418114 , -2.957343 , -1.160045
 T=36.650000, 1.627329, -1.887938, -0.848847, -4.338219 , -3.052760 , -1.202888
 T=36.700000, 1.680025, -1.849833, -0.833797, -4.255663 , -3.146304 , -1.244994
 T=36.750000, 1.731761, -1.810538, -0.818214, -4.170493 , -3.237917 , -1.286336
 T=36.800000, 1.782508, -1.770071, -0.802104, -4.082759 , -3.327538 , -1.326886
 T=36.850000, 1.832234, -1.728449, -0.785474, -3.992511 , -3.415110 , -1.366619
 T=36.900000, 1.880911, -1.685693, -0.768332, -3.899800 , -3.500575 , -1.405509
 T=36.950000, 1.928509, -1.641820, -0.750686, -3.804679 , -3.583877 , -1.443531
 T=37.000000, 1.974997, -1.596851, -0.732543, -3.707203 , -3.664960 , -1.480659
 T=37.050000, 2.020346, -1.550806, -0.713911, -3.607428 , -3.743771 , -1.516869
 T=37.100000, 2.064527, -1.503707, -0.694798, -3.505411 , -3.820256 , -1.552137
 T=37.150000, 2.107512, -1.455575, -0.675214, -3.401213 , -3.894363 , -1.586438
 T=37.200000, 2.149270, -1.406432, -0.655166, -3.294893 , -3.966040 , -1.619749
 T=37.250000, 2.189775, -1.356302, -0.634665, -3.186512 , -4.035238 , -1.652048
 T=37.300000, 2.228997, -1.305207, -0.613719, -3.076136 , -4.101907 , -1.683312
 T=37.350000, 2.266910, -1.253173, -0.592339, -2.963827 , -4.166000 , -1.713519
 T=37.400000, 2.303484, -1.200223, -0.570533, -2.849653 , -4.227471 , -1.742647
 T=37.450000, 2.338694, -1.146385, -0.548314, -2.733681 , -4.286275 , -1.770675
 T=37.500000, 2.372511, -1.091683, -0.525690, -2.615980 , -4.342367 , -1.797583
 T=37.550000, 2.404910, -1.036145, -0.502673, -2.496620 , -4.395705 , -1.823352
 T=37.600000, 2.435865, -0.979798, -0.479275, -2.375672 , -4.446247 , -1.847960
 T=37.650000, 2.465348, -0.922671, -0.455506, -2.253209 , -4.493955 , -1.871391
 T=37.700000, 2.493336, -0.864792, -0.431379, -2.129305 , -4.538789 , -1.893625
 T=37.750000, 2.519803, -0.806192, -0.406906, -2.004037 , -4.580713 , -1.914644
 T=37.800000, 2.544725, -0.746900, -0.382098, -1.877479 , -4.619692 , -1.934433
 T=37.850000, 2.568077, -0.686949, -0.356970, -1.749711 , -4.655691 , -1.952974
 T=37.900000, 2.589836, -0.626369, -0.331533, -1.620811 , -4.688677 , -1.970251
 T=37.950000, 2.609980, -0.565194, -0.305802, -1.490859 , -4.718622 , -1.986250
 T=38.000000, 2.628486, -0.503457, -0.279790, -1.359937 , -4.745495 , -2.000956
 T=38.050000, 2.645331, -0.441192, -0.253512, -1.228127 , -4.769269 , -2.014355
 T=38.100000, 2.660495, -0.378434, -0.226981, -1.095512 , -4.789918 , -2.026435
 T=38.150000, 2.673958, -0.315219, -0.200213, -0.962178 , -4.807419 , -2.037183
 T=38.200000, 2.685699, -0.251582, -0.173222, -0.828208 , -4.821750 , -2.046587
 T=38.250000, 2.695700, -0.187562, -0.146024, -0.693691 , -4.832890 , -2.054637
 T=38.300000, 2.703943, -0.123196, -0.118636, -0.558713 , -4.840822 , -2.061323
 T=38.350000, 2.710408, -0.058522, -0.091072, -0.423363 , -4.845527 , -2.066635
 T=38.400000, 2.715081, 0.006419, -0.063350, -0.287730 , -4.846993 , -2.070565
 T=38.450000, 2.717946, 0.071589, -0.035486, -0.151904 , -4.845207 , -2.073106
 T=38.500000, 2.718986, 0.136945, -0.007498, -0.015976 , -4.840158 , -2.074252
 T=38.550000, 2.718189, 0.202446, 0.020598, 0.119963 , -4.831837 , -2.073995
 T=38.600000, 2.715542, 0.268051, 0.048782, 0.255820 , -4.820239 , -2.072331
 T=38.650000, 2.711032, 0.333715, 0.077038, 0.391504 , -4.805359 , -2.069256
 T=38.700000, 2.704649, 0.399396, 0.105346, 0.526919 , -4.787196 , -2.064768
 T=38.750000, 2.696383, 0.465049, 0.133688, 0.661974 , -4.765749 , -2.058863
 T=38.800000, 2.686226, 0.530628, 0.162045, 0.796572 , -4.741020 , -2.051540
 T=38.850000, 2.674170, 0.596089, 0.190397, 0.930620 , -4.713015 , -2.042800
 T=38.900000, 2.660208, 0.661385, 0.218725, 1.064022 , -4.681741 , -2.032643
 T=38.950000, 2.644337, 0.726470, 0.247008, 1.196683 , -4.647206 , -2.021070
 T=39.000000, 2.626553, 0.791294, 0.275227, 1.328508 , -4.609423 , -2.008084
 T=39.050000, 2.606853, 0.855812, 0.303361, 1.459400 , -4.568405 , -1.993690
 T=39.100000, 2.585238, 0.919974, 0.331389, 1.589265 , -4.524169 , -1.977890
 T=39.150000, 2.561707, 0.983731, 0.359290, 1.718005 , -4.476734 , -1.960693
 T=39.200000, 2.536263, 1.047034, 0.387043, 1.845526 , -4.426122 , -1.942103
 T=39.250000, 2.508910, 1.109833, 0.414626, 1.971731 , -4.372355 , -1.922130
 T=39.300000, 2.479653, 1.172078, 0.442019, 2.096526 , -4.315460 , -1.900781
 T=39.350000, 2.448499, 1.233718, 0.469198, 2.219816 , -4.255467 , -1.878068
 T=39.400000, 2.415458, 1.294704, 0.496143, 2.341505 , -4.192406 , -1.854000
 T=39.450000, 2.380539, 1.354983, 0.522831, 2.461500 , -4.126312 , -1.828592
 T=39.500000, 2.343754, 1.414505, 0.549239, 2.579707 , -4.057220 , -1.801855
 T=39.550000, 2.305119, 1.473218, 0.575346, 2.696033 , -3.985170 , -1.773804
 T=39.600000, 2.264647, 1.531072, 0.601129, 2.810386 , -3.910204 , -1.744455
 T=39.650000, 2.222358, 1.588014, 0.626566, 2.922674 , -3.832365 , -1.713825
 T=39.700000, 2.178270, 1.643994, 0.651634, 3.032807 , -3.751701 , -1.681931
 T=39.750000, 2.132405, 1.698960, 0.676311, 3.140696 , -3.668260 , -1.648793
 T=39.800000, 2.084786, 1.752862, 0.700574, 3.246252 , -3.582095 , -1.614429
 T=39.850000, 2.035439, 1.805649, 0.724402, 3.349388 , -3.493259 , -1.578863
 T=39.900000, 1.984390, 1.857270, 0.747771, 3.450019 , -3.401811 , -1.542115
 T=39.950000, 1.931669, 1.907676, 0.770660, 3.548059 , -3.307808 , -1.504209
 T=40.000000, 1.877306, 1.956817, 0.793047, 3.643426 , -3.211313 , -1.465170
 T=40.050000, 1.821336, 2.004643, 0.814910, 3.736038 , -3.112391 , -1.425024
 T=40.100000, 1.763793, 2.051108, 0.836227, 3.825817 , -3.011107 , -1.383797
 T=40.150000, 1.704715, 2.096163, 0.856977, 3.912683 , -2.907532 , -1.341516
 T=40.200000, 1.644140, 2.139761, 0.877139, 3.996562 , -2.801737 , -1.298211
 T=40.250000, 1.582110, 2.181856, 0.896692, 4.077379 , -2.693796 , -1.253912
 T=40.300000, 1.518667, 2.222403, 0.915617, 4.155063 , -2.583784 , -1.208648
 T=40.350000, 1.453858, 2.261359, 0.933892, 4.229544 , -2.471781 , -1.162454
 T=40.400000, 1.387728, 2.298680, 0.951499, 4.300754 , -2.357866 , -1.115360
 T=40.450000, 1.320327, 2.334325, 0.968419, 4.368629 , -2.242123 , -1.067402
 T=40.500000, 1.251705, 2.368253, 0.984632, 4.433107 , -2.124636 , -1.018613
 T=40.550000, 1.181915, 2.400425, 1.000121, 4.494126 , -2.005493 , -0.969030
 T=40.600000, 1.111011, 2.430804, 1.014869, 4.551631 , -1.884780 , -0.918689
 T=40.650000, 1.039050, 2.459353, 1.028858, 4.605567 , -1.762590 , -0.867628
 T=40.700000, 0.966090, 2.486038, 1.042072, 4.655882 , -1.639014 , -0.815884
 T=40.750000, 0.892189, 2.510827, 1.054496, 4.702527 , -1.514147 , -0.763498
 T=40.800000, 0.817408, 2.533687, 1.066116, 4.745458 , -1.388083 , -0.710508
 T=40.850000, 0.741811, 2.554590, 1.076916, 4.784630 , -1.260920 , -0.656956
 T=40.900000, 0.665461, 2.573509, 1.086884, 4.820006 , -1.132757 , -0.602882
 T=40.950000, 0.588424, 2.590418, 1.096007, 4.851548 , -1.003693 , -0.548329
 T=41.000000, 0.510766, 2.605294, 1.104274, 4.879225 , -0.873829 , -0.493339
 T=41.050000, 0.432554, 2.618115, 1.111674, 4.903005 , -0.743267 , -0.437956
 T=41.100000, 0.353858, 2.628863, 1.118196, 4.922864 , -0.612111 , -0.382222
 T=41.150000, 0.274748, 2.637520, 1.123833, 4.938779 , -0.480464 , -0.326181
 T=41.200000, 0.195294, 2.644072, 1.128576, 4.950730 , -0.348432 , -0.269879
 T=41.250000, 0.115568, 2.648507, 1.132418, 4.958702 , -0.216120 , -0.213360
 T=41.300000, 0.035642, 2.650815, 1.135353, 4.962682 , -0.083634 , -0.156669
 T=41.350000, -0.044411, 2.650988, 1.137376, 4.962664 , 0.048920 , -0.099853
 T=41.400000, -0.124517, 2.649021, 1.138483, 4.958641 , 0.181434 , -0.042955
 T=41.450000, -0.204603, 2.644911, 1.138671, 4.950613 , 0.313801 , 0.013977
 T=41.500000, -0.284595, 2.638658, 1.137939, 4.938582 , 0.445915 , 0.070898
 T=41.550000, -0.364419, 2.630264, 1.136284, 4.922555 , 0.577668 , 0.127762
 T=41.600000, -0.444001, 2.619734, 1.133708, 4.902543 , 0.708953 , 0.184522
 T=41.650000, -0.523266, 2.607075, 1.130212, 4.878558 , 0.839663 , 0.241132
 T=41.700000, -0.602141, 2.592297, 1.125798, 4.850618 , 0.969693 , 0.297547
 T=41.750000, -0.680552, 2.575412, 1.120469, 4.818745 , 1.098937 , 0.353721
 T=41.800000, -0.758426, 2.556434, 1.114231, 4.782963 , 1.227289 , 0.409608
 T=41.850000, -0.835692, 2.535380, 1.107088, 4.743300 , 1.354646 , 0.465162
 T=41.900000, -0.912276, 2.512271, 1.099047, 4.699789 , 1.480903 , 0.520340
 T=41.950000, -0.988108, 2.487127, 1.090116, 4.652466 , 1.605959 , 0.575095
 T=42.000000, -1.063118, 2.459973, 1.080303, 4.601370 , 1.729713 , 0.629383
 T=42.050000, -1.137237, 2.430836, 1.069618, 4.546542 , 1.852064 , 0.683161
 T=42.100000, -1.210397, 2.399744, 1.058073, 4.488030 , 1.972914 , 0.736386
 T=42.150000, -1.282531, 2.366729, 1.045677, 4.425883 , 2.092167 , 0.789014
 T=42.200000, -1.353575, 2.331823, 1.032445, 4.360153 , 2.209725 , 0.841004
 T=42.250000, -1.423463, 2.295062, 1.018390, 4.290897 , 2.325497 , 0.892313
 T=42.300000, -1.492135, 2.256483, 1.003526, 4.218174 , 2.439389 , 0.942902
 T=42.350000, -1.559528, 2.216125, 0.987868, 4.142045 , 2.551313 , 0.992729
 T=42.400000, -1.625585, 2.174030, 0.971432, 4.062577 , 2.661179 , 1.041756
 T=42.450000, -1.690247, 2.130239, 0.954237, 3.979837 , 2.768902 , 1.089943
 T=42.500000, -1.753460, 2.084799, 0.936299, 3.893896 , 2.874398 , 1.137255
 T=42.550000, -1.815171, 2.037755, 0.917637, 3.804828 , 2.977586 , 1.183653
 T=42.600000, -1.875327, 1.989155, 0.898270, 3.712710 , 3.078387 , 1.229102
 T=42.650000, -1.933879, 1.939048, 0.878218, 3.617619 , 3.176723 , 1.273567
 T=42.700000, -1.990780, 1.887485, 0.857502, 3.519638 , 3.272521 , 1.317014
 T=42.750000, -2.045986, 1.834517, 0.836142, 3.418850 , 3.365710 , 1.359411
 T=42.800000, -2.099453, 1.780199, 0.814161, 3.315340 , 3.456219 , 1.400726
 T=42.850000, -2.151141, 1.724584, 0.791581, 3.209197 , 3.543983 , 1.440929
 T=42.900000, -2.201011, 1.667727, 0.768425, 3.100511 , 3.628937 , 1.479989
 T=42.950000, -2.249027, 1.609684, 0.744715, 2.989372 , 3.711023 , 1.517879
 T=43.000000, -2.295156, 1.550513, 0.720475, 2.875875 , 3.790180 , 1.554572
 T=43.050000, -2.339366, 1.490270, 0.695730, 2.760114 , 3.866355 , 1.590041
 T=43.100000, -2.381628, 1.429015, 0.670503, 2.642187 , 3.939494 , 1.624262
 T=43.150000, -2.421916, 1.366805, 0.644819, 2.522191 , 4.009549 , 1.657211
 T=43.200000, -2.460206, 1.303700, 0.618702, 2.400225 , 4.076473 , 1.688866
 T=43.250000, -2.496475, 1.239759, 0.592178, 2.276391 , 4.140222 , 1.719206
 T=43.300000, -2.530703, 1.175041, 0.565271, 2.150788 , 4.200757 , 1.748211
 T=43.350000, -2.562874, 1.109608, 0.538008, 2.023521 , 4.258040 , 1.775862
 T=43.400000, -2.592973, 1.043518, 0.510412, 1.894691 , 4.312036 , 1.802143
 T=43.450000, -2.620986, 0.976831, 0.482510, 1.764404 , 4.362713 , 1.827037
 T=43.500000, -2.646903, 0.909608, 0.454327, 1.632763 , 4.410045 , 1.850530
 T=43.550000, -2.670717, 0.841907, 0.425888, 1.499873 , 4.454004 , 1.872607
 T=43.600000, -2.692420, 0.773788, 0.397219, 1.365840 , 4.494568 , 1.893257
 T=43.650000, -2.712009, 0.705310, 0.368344, 1.230770 , 4.531718 , 1.912469
 T=43.700000, -2.729483, 0.636531, 0.339289, 1.094767 , 4.565437 , 1.930233
 T=43.750000, -2.744841, 0.567510, 0.310078, 0.957939 , 4.595711 , 1.946541
 T=43.800000, -2.758085, 0.498303, 0.280736, 0.820390 , 4.622530 , 1.961385
 T=43.850000, -2.769220, 0.428969, 0.251289, 0.682227 , 4.645886 , 1.974760
 T=43.900000, -2.778252, 0.359563, 0.221759, 0.543554 , 4.665773 , 1.986660
 T=43.950000, -2.785189, 0.290141, 0.192171, 0.404476 , 4.682189 , 1.997083
 T=44.000000, -2.790040, 0.220757, 0.162550, 0.265099 , 4.695135 , 2.006025
 T=44.050000, -2.792817, 0.151466, 0.132917, 0.125526 , 4.704613 , 2.013486
 T=44.100000, -2.793533, 0.082321, 0.103297, -0.014139 , 4.710630 , 2.019465
 T=44.150000, -2.792203, 0.013373, 0.073711, -0.153794 , 4.713194 , 2.023964
 T=44.200000, -2.788843, -0.055325, 0.044183, -0.293337 , 4.712315 , 2.026985
 T=44.250000, -2.783471, -0.123723, 0.014735, -0.432667 , 4.708009 , 2.028531
 T=44.300000, -2.776106, -0.191772, -0.014612, -0.571683 , 4.700290 , 2.028607
 T=44.350000, -2.766769, -0.259424, -0.043837, -0.710286 , 4.689178 , 2.027218
 T=44.400000, -2.755481, -0.326631, -0.072919, -0.848378 , 4.674692 , 2.024372
 T=44.450000, -2.742267, -0.393347, -0.101837, -0.985863 , 4.656857 , 2.020074
 T=44.500000, -2.727151, -0.459527, -0.130572, -1.122644 , 4.635699 , 2.014335
 T=44.550000, -2.710157, -0.525127, -0.159104, -1.258627 , 4.611244 , 2.007164
 T=44.600000, -2.691313, -0.590105, -0.187414, -1.393718 , 4.583523 , 1.998570
 T=44.650000, -2.670646, -0.654417, -0.215484, -1.527826 , 4.552568 , 1.988567
 T=44.700000, -2.648186, -0.718024, -0.243294, -1.660861 , 4.518413 , 1.977166
 T=44.750000, -2.623961, -0.780886, -0.270829, -1.792732 , 4.481094 , 1.964381
 T=44.800000, -2.598002, -0.842965, -0.298070, -1.923353 , 4.440650 , 1.950225
 T=44.850000, -2.570340, -0.904223, -0.325000, -2.052638 , 4.397120 , 1.934714
 T=44.900000, -2.541007, -0.964625, -0.351605, -2.180502 , 4.350546 , 1.917864
 T=44.950000, -2.510036, -1.024136, -0.377867, -2.306862 , 4.300972 , 1.899692
 T=45.000000, -2.477460, -1.082721, -0.403771, -2.431637 , 4.248443 , 1.880214
 T=45.050000, -2.443314, -1.140349, -0.429304, -2.554748 , 4.193006 , 1.859449
 T=45.100000, -2.407630, -1.196988, -0.454450, -2.676118 , 4.134710 , 1.837417
 T=45.150000, -2.370446, -1.252607, -0.479195, -2.795669 , 4.073605 , 1.814136
 T=45.200000, -2.331795, -1.307178, -0.503527, -2.913327 , 4.009743 , 1.789627
 T=45.250000, -2.291714, -1.360672, -0.527432, -3.029021 , 3.943176 , 1.763911
 T=45.300000, -2.250239, -1.413062, -0.550898, -3.142679 , 3.873959 , 1.737010
 T=45.350000, -2.207407, -1.464323, -0.573912, -3.254233 , 3.802148 , 1.708945
 T=45.400000, -2.163255, -1.514429, -0.596464, -3.363615 , 3.727799 , 1.679740
 T=45.450000, -2.117819, -1.563356, -0.618542, -3.470761 , 3.650972 , 1.649418
 T=45.500000, -2.071138, -1.611083, -0.640136, -3.575606 , 3.571725 , 1.618003
 T=45.550000, -2.023249, -1.657587, -0.661235, -3.678091 , 3.490120 , 1.585520
 T=45.600000, -1.974189, -1.702847, -0.681829, -3.778154 , 3.406217 , 1.551992
 T=45.650000, -1.923998, -1.746844, -0.701909, -3.875739 , 3.320079 , 1.517447
 T=45.700000, -1.872712, -1.789558, -0.721467, -3.970789 , 3.231771 , 1.481909
 T=45.750000, -1.820370, -1.830973, -0.740493, -4.063251 , 3.141356 , 1.445406
 T=45.800000, -1.767011, -1.871071, -0.758979, -4.153073 , 3.048899 , 1.407963
 T=45.850000, -1.712672, -1.909837, -0.776918, -4.240205 , 2.954468 , 1.369608
 T=45.900000, -1.657392, -1.947254, -0.794302, -4.324599 , 2.858129 , 1.330369
 T=45.950000, -1.601210, -1.983310, -0.811125, -4.406208 , 2.759949 , 1.290273
 T=46.000000, -1.544163, -2.017991, -0.827379, -4.484989 , 2.659998 , 1.249348
 T=46.050000, -1.486290, -2.051283, -0.843058, -4.560898 , 2.558343 , 1.207624
 T=46.100000, -1.427630, -2.083177, -0.858157, -4.633896 , 2.455056 , 1.165129
 T=46.150000, -1.368220, -2.113660, -0.872669, -4.703943 , 2.350205 , 1.121892
 T=46.200000, -1.308099, -2.142723, -0.886590, -4.771005 , 2.243862 , 1.077943
 T=46.250000, -1.247304, -2.170356, -0.899915, -4.835044 , 2.136098 , 1.033312
 T=46.300000, -1.185875, -2.196552, -0.912638, -4.896030 , 2.026985 , 0.988027
 T=46.350000, -1.123847, -2.221302, -0.924757, -4.953930 , 1.916595 , 0.942120
 T=46.400000, -1.061260, -2.244599, -0.936267, -5.008717 , 1.805000 , 0.895621
 T=46.450000, -0.998150, -2.266437, -0.947164, -5.060362 , 1.692272 , 0.848560
 T=46.500000, -0.934556, -2.286811, -0.957445, -5.108841 , 1.578486 , 0.800967
 T=46.550000, -0.870514, -2.305714, -0.967107, -5.154129 , 1.463714 , 0.752875
 T=46.600000, -0.806062, -2.323144, -0.976147, -5.196206 , 1.348030 , 0.704314
 T=46.650000, -0.741237, -2.339097, -0.984563, -5.235052 , 1.231508 , 0.655315
 T=46.700000, -0.676075, -2.353569, -0.992352, -5.270649 , 1.114221 , 0.605909
 T=46.750000, -0.610614, -2.366558, -0.999514, -5.302981 , 0.996244 , 0.556127
 T=46.800000, -0.544889, -2.378063, -1.006045, -5.332034 , 0.877651 , 0.506002
 T=46.850000, -0.478938, -2.388081, -1.011945, -5.357796 , 0.758517 , 0.455565
 T=46.900000, -0.412795, -2.396614, -1.017212, -5.380255 , 0.638915 , 0.404846
 T=46.950000, -0.346498, -2.403660, -1.021847, -5.399404 , 0.518919 , 0.353879
 T=47.000000, -0.280083, -2.409220, -1.025847, -5.415235 , 0.398605 , 0.302694
 T=47.050000, -0.213584, -2.413296, -1.029213, -5.427743 , 0.278046 , 0.251323
 T=47.100000, -0.147037, -2.415888, -1.031944, -5.436925 , 0.157317 , 0.199798
 T=47.150000, -0.080479, -2.417000, -1.034041, -5.442779 , 0.036491 , 0.148151
 T=47.200000, -0.013943, -2.416634, -1.035504, -5.445306 , -0.084356 , 0.096414
 T=47.250000, 0.052536, -2.414793, -1.036334, -5.444507 , -0.205153 , 0.044617
 T=47.300000, 0.118921, -2.411481, -1.036530, -5.440386 , -0.325824 , -0.007207
 T=47.350000, 0.185180, -2.406702, -1.036095, -5.432949 , -0.446297 , -0.059026
 T=47.400000, 0.251276, -2.400462, -1.035029, -5.422202 , -0.566497 , -0.110809
 T=47.450000, 0.317177, -2.392764, -1.033334, -5.408154 , -0.686353 , -0.162525
 T=47.500000, 0.382848, -2.383616, -1.031012, -5.390817 , -0.805791 , -0.214142
 T=47.550000, 0.448254, -2.373024, -1.028064, -5.370202 , -0.924740 , -0.265629
 T=47.600000, 0.513363, -2.360993, -1.024493, -5.346323 , -1.043126 , -0.316954
 T=47.650000, 0.578140, -2.347532, -1.020300, -5.319196 , -1.160879 , -0.368087
 T=47.700000, 0.642552, -2.332649, -1.015489, -5.288838 , -1.277927 , -0.418997
 T=47.750000, 0.706565, -2.316350, -1.010061, -5.255268 , -1.394198 , -0.469651
 T=47.800000, 0.770147, -2.298646, -1.004020, -5.218507 , -1.509623 , -0.520021
 T=47.850000, 0.833264, -2.279545, -0.997370, -5.178578 , -1.624131 , -0.570075
 T=47.900000, 0.895884, -2.259057, -0.990113, -5.135504 , -1.737653 , -0.619783
 T=47.950000, 0.957974, -2.237193, -0.982252, -5.089310 , -1.850120 , -0.669114
 T=48.000000, 1.019501, -2.213962, -0.973793, -5.040025 , -1.961462 , -0.718039