9

Mercurio.txt
0.0508011	-0.4011642	-0.2195576	0.02231875	0.00485553	0.00027924
1 	5 	0.001		0.00000016515837

Venus.txt
0.0655112	-0.6589741	-0.3006194	0.02000833	0.00205477	-0.00034178
1 	5 	0.001		0.00000244695827
		
Tierra.txt
-0.6439052	0.6910548	0.2995998	-0.01343443	-0.01023223	-0.00443607
1 	5 	0.001		0.000003002514	

Marte.txt
-0.8326456	-1.1782356	-0.5179253	0.01227603	-0.00570021	-0.00294625
1 	5 	0.001		0.00000032126696	

Jupiter.txt
-5.385202	-0.840171	-0.229015	0.001099944	-0.006518169	-0.002820667
1 	48 	0.005		0.0009542483
	
Saturno.txt
-3.743403	7.568504	3.287166	-0.005379637	-0.002232371	-0.000690547
1 	116 	0.025		0.0002857214
	
Urano.txt
18.38175	-7.25798	-3.43875	0.001544588	0.003135267	0.001351424
1 	336 	0.05		0.000043645047

Neptuno.txt
21.25332	-19.49023	-8.50658	0.002199232	0.002084787	0.000798469
1 	660 	0.1		0.00005148331

Pluton.txt
-4.11218	-29.56880	-7.98970	0.003169840	-0.000584314	-0.001138225
1 	992 	0.25		0.000000006284565		
	

##Los datos anteriormente presentados corresponden a:

Nombre del planeta
Xo 	Yo	 Zo	 Vx	Vy 	Vz
Masa_estrella 	 Tiempo_evolucion	Paso de tiempo	    Masa_planeta

Esto para cada planeta en cuestion.
