
 0.050801 , -0.401164 , -0.219558
 0.240873 , -0.317469 , -0.194560
 0.362000 , -0.145833 , -0.115439
 0.350975 , 0.074645 , 0.003477
 0.161860 , 0.249595 , 0.116541
 -0.133888 , 0.248448 , 0.146597
 -0.341082 , 0.070245 , 0.072893
 -0.371910 , -0.152281 , -0.042777
 -0.264516 , -0.322678 , -0.144935
 -0.080656 , -0.402631 , -0.206709
 0.123892 , -0.381289 , -0.216521
 0.295577 , -0.261661 , -0.170422
 0.374685 , -0.063577 , -0.072816
 0.296771 , 0.155579 , 0.052331
 0.046589 , 0.275035 , 0.142084
 -0.236183 , 0.193359 , 0.127778
 -0.375268 , -0.017051 , 0.029807
 -0.346460 , -0.226036 , -0.084814
 -0.203849 , -0.364292 , -0.173455
 -0.006255 , -0.406604 , -0.216547
 0.192767 , -0.347231 , -0.205470
 0.337731 , -0.193647 , -0.138463
 0.364203 , 0.023617 , -0.025152
 0.214003 , 0.222386 , 0.096600
 -0.074433 , 0.267023 , 0.150354
 -0.313781 , 0.118927 , 0.096066
 -0.383927 , -0.102209 , -0.014784
 -0.305176 , -0.288459 , -0.122439
 -0.135887 , -0.391931 , -0.195266
 0.068431 , -0.396091 , -0.218676
 0.254611 , -0.299294 , -0.186277
 0.363352 , -0.115069 , -0.099146
 0.326472 , 0.109994 , 0.024900
 0.107276 , 0.265024 , 0.130443
 -0.186342 , 0.227317 , 0.140749
 -0.363762 , 0.034965 , 0.056399
 -0.370842 , -0.180590 , -0.058009
 -0.251573 , -0.338276 , -0.154609
 -0.063250 , -0.405331 , -0.209956
 0.140917 , -0.371102 , -0.212844
 0.306161 , -0.238060 , -0.158913
 0.367913 , -0.028775 , -0.053523
 0.259197 , 0.187274 , 0.073157
 -0.012538 , 0.275853 , 0.148652
 -0.277732 , 0.163515 , 0.116145
 -0.387290 , -0.050565 , 0.013151
 -0.339892 , -0.249298 , -0.097921
 -0.188686 , -0.374740 , -0.180608
 0.011621 , -0.404305 , -0.217172
 0.208496 , -0.331722 , -0.198817
 0.343551 , -0.164656 , -0.123580
 0.346742 , 0.060511 , -0.003634
 0.164234 , 0.245277 , 0.113988
 -0.130684 , 0.253316 , 0.148865
 -0.343072 , 0.085339 , 0.081161
 -0.387467 , -0.132067 , -0.030366
 -0.294615 , -0.306577 , -0.133213
 -0.119190 , -0.397371 , -0.199903
 0.086291 , -0.388696 , -0.216578
 0.268056 , -0.278225 , -0.176416
 0.362252 , -0.081191 , -0.080935
 0.296150 , 0.145543 , 0.047034
 0.049667 , 0.274545 , 0.141503
 -0.233742 , 0.202609 , 0.132467
 -0.381733 , 0.001512 , 0.040393
 -0.367924 , -0.205891 , -0.071827
 -0.238110 , -0.351337 , -0.162982
 -0.045534 , -0.405809 , -0.212049
 0.158160 , -0.358394 , -0.207844
 0.315893 , -0.211289 , -0.145622
 0.357267 , 0.008606 , -0.032451
 0.215552 , 0.216574 , 0.093335
 -0.070922 , 0.270337 , 0.151761
 -0.313493 , 0.132720 , 0.103404
 -0.395853 , -0.081429 , -0.002447
 -0.332148 , -0.269729 , -0.109638
 -0.173095 , -0.382857 , -0.186561
 0.029890 , -0.399739 , -0.216628
 0.224272 , -0.313406 , -0.190669
 0.347584 , -0.132369 , -0.106752
 0.323917 , 0.098637 , 0.019099
 0.110006 , 0.263107 , 0.129136
 -0.182920 , 0.234893 , 0.144441
 -0.367182 , 0.052811 , 0.066286
 -0.388634 , -0.159029 , -0.044647
 -0.283262 , -0.322108 , -0.142686
 -0.102032 , -0.400593 , -0.203404
 0.104581 , -0.378871 , -0.213226
 0.281120 , -0.254028 , -0.164846
 0.358023 , -0.044269 , -0.060774
 0.259589 , 0.180010 , 0.069237
 -0.009002 , 0.277655 , 0.149248
 -0.275583 , 0.175753 , 0.122459
 -0.395664 , -0.029725 , 0.025152
 -0.363419 , -0.228370 , -0.084302
 -0.224018 , -0.362032 , -0.170156
 -0.027276 , -0.404069 , -0.213012
 0.175745 , -0.342985 , -0.201437
 0.324463 , -0.181143 , -0.130407
 0.341899 , 0.048082 , -0.009771
 0.166371 , 0.241950 , 0.111990
 -0.126672 , 0.259195 , 0.151590
 -0.343769 , 0.102070 , 0.090171
 -0.401502 , -0.109599 , -0.016909
 -0.323304 , -0.287543 , -0.120070
 -0.156888 , -0.388756 , -0.191392
 0.048769 , -0.392833 , -0.214897
 0.240086 , -0.292051 , -0.180901
 0.349246 , -0.096724 , -0.087884
 0.295037 , 0.136928 , 0.042548
 0.052980 , 0.274890 , 0.141344
 -0.230173 , 0.213118 , 0.137710
 -0.386727 , 0.021928 , 0.051816
 -0.387770 , -0.183233 , -0.057666
 -0.271055 , -0.335245 , -0.150970
 -0.084191 , -0.401639 , -0.205813
 0.123464 , -0.366467 , -0.208559
 0.293596 , -0.226463 , -0.151415
 0.349834 , -0.004573 , -0.038720
 0.216830 , 0.211866 , 0.090688
 -0.066673 , 0.274552 , 0.153571
 -0.311856 , 0.148002 , 0.111398
 -0.406137 , -0.058569 , 0.010831
 -0.357475 , -0.248232 , -0.095528
 -0.209143 , -0.370507 , -0.176225
 -0.008246 , -0.400077 , -0.212854
 0.193729 , -0.324663 , -0.193515
 0.331395 , -0.147465 , -0.113136
 0.320947 , 0.088836 , 0.014171
 0.112869 , 0.262051 , 0.128275
 -0.178374 , 0.243580 , 0.148610
 -0.369057 , 0.072352 , 0.076919
 -0.404651 , -0.135140 , -0.030225
 -0.313359 , -0.302947 , -0.129330
 -0.139856 , -0.392516 , -0.195167
 0.068456 , -0.383477 , -0.211940
 0.255823 , -0.267406 , -0.169368
 0.347768 , -0.057813 , -0.066945
 0.259716 , 0.173980 , 0.066003
 -0.004822 , 0.280278 , 0.150216
 -0.272048 , 0.189328 , 0.129344
 -0.402300 , -0.006979 , 0.037990
 -0.385098 , -0.204857 , -0.069494
 -0.257882 , -0.346160 , -0.158166
 -0.065434 , -0.400519 , -0.207159
 0.143054 , -0.351297 , -0.202487
 0.305121 , -0.195309 , -0.135969
 0.336746 , 0.037335 , -0.014977
 0.168561 , 0.239550 , 0.110481
 -0.121571 , 0.266046 , 0.154720
 -0.342867 , 0.120338 , 0.099836
 -0.413631 , -0.084992 , -0.002507
 -0.350154 , -0.265686 , -0.105611
 -0.193300 , -0.376875 , -0.181270
 0.011773 , -0.393764 , -0.211558
 0.212084 , -0.303180 , -0.183942
 0.336019 , -0.110197 , -0.093709
 0.293702 , 0.129679 , 0.038814
 0.056828 , 0.276014 , 0.141545
 -0.225204 , 0.224811 , 0.143440
 -0.389911 , 0.044074 , 0.063976
 -0.405597 , -0.158187 , -0.042439
 -0.302246 , -0.316131 , -0.137525
 -0.121776 , -0.394186 , -0.197934
 0.089111 , -0.371516 , -0.207693
 0.271232 , -0.239209 , -0.155905
 0.342214 , -0.015955 , -0.044010
 0.218113 , 0.208183 , 0.088587
 -0.061402 , 0.279616 , 0.155730
 -0.308582 , 0.164664 , 0.119958
 -0.414415 , -0.033763 , 0.024939
 -0.380745 , -0.224101 , -0.080225
 -0.243591 , -0.354996 , -0.164368
 -0.045533 , -0.397200 , -0.207450
 0.163398 , -0.333133 , -0.194893
 0.315143 , -0.160398 , -0.118360
 0.317836 , 0.080530 , 0.010057
 0.116157 , 0.261777 , 0.127788
 -0.172439 , 0.253301 , 0.153187
 -0.369071 , 0.093451 , 0.088191
 -0.418508 , -0.109068 , -0.014862
 -0.341442 , -0.280932 , -0.114658
 -0.176281 , -0.381220 , -0.185356
 0.032974 , -0.385013 , -0.209082
 0.230664 , -0.278260 , -0.172557
 0.337464 , -0.069455 , -0.072096
 0.259842 , 0.169092 , 0.063378
 0.000286 , 0.283654 , 0.151490
 -0.266857 , 0.204125 , 0.136710
 -0.406856 , 0.017519 , 0.051548
 -0.404534 , -0.178916 , -0.053621
 -0.289852 , -0.327265 , -0.144758
 -0.102419 , -0.393774 , -0.199721
 0.110840 , -0.356751 , -0.202059
 0.285890 , -0.207220 , -0.140337
 0.331558 , 0.028202 , -0.019318
 0.171082 , 0.237975 , 0.109378
 -0.115121 , 0.273785 , 0.158186
 -0.340069 , 0.139995 , 0.110046
 -0.423492 , -0.058415 , 0.012712
 -0.374757 , -0.241167 , -0.089962