
 T=0.000000, 0.803252, 0.761452, 0.291634, 21.253320 , -19.490230 , -8.506580
 T=1.000000, 0.771734, 0.789158, 0.303759, 22.042485 , -18.716219 , -8.209454
 T=2.000000, 0.739074, 0.815734, 0.315450, 22.799614 , -17.915007 , -7.900397
 T=3.000000, 0.705319, 0.841141, 0.326690, 23.523586 , -17.087741 , -7.579851
 T=4.000000, 0.670515, 0.865339, 0.337461, 24.213328 , -16.235611 , -7.248275
 T=5.000000, 0.634712, 0.888292, 0.347747, 24.867811 , -15.359839 , -6.906145
 T=6.000000, 0.597960, 0.909965, 0.357534, 25.486061 , -14.461687 , -6.553952
 T=7.000000, 0.560312, 0.930326, 0.366805, 26.067152 , -13.542450 , -6.192203
 T=8.000000, 0.521822, 0.949342, 0.375547, 26.610211 , -12.603455 , -5.821420
 T=9.000000, 0.482544, 0.966984, 0.383746, 27.114420 , -11.646060 , -5.442138
 T=10.000000, 0.442534, 0.983225, 0.391390, 27.579018 , -10.671651 , -5.054906
 T=11.000000, 0.401851, 0.998038, 0.398467, 28.003298 , -9.681641 , -4.660284
 T=12.000000, 0.360552, 1.011402, 0.404965, 28.386612 , -8.677469 , -4.258844
 T=13.000000, 0.318697, 1.023293, 0.410875, 28.728373 , -7.660594 , -3.851171
 T=14.000000, 0.276348, 1.033692, 0.416186, 29.028051 , -6.632498 , -3.437856
 T=15.000000, 0.233565, 1.042583, 0.420891, 29.285180 , -5.594680 , -3.019502
 T=16.000000, 0.190412, 1.049949, 0.424982, 29.499355 , -4.548656 , -2.596719
 T=17.000000, 0.146950, 1.055779, 0.428451, 29.670231 , -3.495956 , -2.170125
 T=18.000000, 0.103244, 1.060062, 0.431292, 29.797531 , -2.438122 , -1.740344
 T=19.000000, 0.059358, 1.062788, 0.433502, 29.881039 , -1.376704 , -1.308005
 T=20.000000, 0.015357, 1.063954, 0.435075, 29.920604 , -0.313263 , -0.873742
 T=21.000000, -0.028694, 1.063553, 0.436009, 29.916140 , 0.750640 , -0.438194
 T=22.000000, -0.072730, 1.061586, 0.436301, 29.867625 , 1.813437 , -0.002001
 T=23.000000, -0.116686, 1.058053, 0.435950, 29.775105 , 2.873562 , 0.434195
 T=24.000000, -0.160497, 1.052957, 0.434956, 29.638690 , 3.929451 , 0.869751
 T=25.000000, -0.204096, 1.046305, 0.433320, 29.458554 , 4.979543 , 1.304024
 T=26.000000, -0.247418, 1.038104, 0.431043, 29.234937 , 6.022285 , 1.736372
 T=27.000000, -0.290400, 1.028365, 0.428128, 28.968146 , 7.056134 , 2.166156
 T=28.000000, -0.332976, 1.017101, 0.424579, 28.658551 , 8.079555 , 2.592739
 T=29.000000, -0.375082, 1.004327, 0.420399, 28.306586 , 9.091032 , 3.015488
 T=30.000000, -0.416654, 0.990060, 0.415596, 27.912751 , 10.089061 , 3.433777
 T=31.000000, -0.457630, 0.974320, 0.410175, 27.477606 , 11.072159 , 3.846985
 T=32.000000, -0.497949, 0.957130, 0.404144, 27.001775 , 12.038862 , 4.254496
 T=33.000000, -0.537547, 0.938514, 0.397511, 26.485945 , 12.987731 , 4.655704
 T=34.000000, -0.576367, 0.918498, 0.390286, 25.930862 , 13.917352 , 5.050013
 T=35.000000, -0.614348, 0.897111, 0.382480, 25.337332 , 14.826338 , 5.436834
 T=36.000000, -0.651433, 0.874385, 0.374102, 24.706219 , 15.713332 , 5.815591
 T=37.000000, -0.687565, 0.850353, 0.365167, 24.038446 , 16.577009 , 6.185718
 T=38.000000, -0.722690, 0.825050, 0.355686, 23.334989 , 17.416079 , 6.546662
 T=39.000000, -0.756752, 0.798512, 0.345673, 22.596882 , 18.229287 , 6.897886
 T=40.000000, -0.789701, 0.770780, 0.335144, 21.825208 , 19.015416 , 7.238863
 T=41.000000, -0.821487, 0.741895, 0.324114, 21.021105 , 19.773292 , 7.569083
 T=42.000000, -0.852059, 0.711899, 0.312599, 20.185759 , 20.501778 , 7.888055
 T=43.000000, -0.881372, 0.680837, 0.300616, 19.320404 , 21.199785 , 8.195299
 T=44.000000, -0.909381, 0.648756, 0.288184, 18.426318 , 21.866268 , 8.490356
 T=45.000000, -0.936042, 0.615704, 0.275320, 17.504827 , 22.500228 , 8.772786
 T=46.000000, -0.961315, 0.581730, 0.262045, 16.557296 , 23.100718 , 9.042166
 T=47.000000, -0.985162, 0.546886, 0.248378, 15.585131 , 23.666837 , 9.298092
 T=48.000000, -1.007545, 0.511223, 0.234340, 14.589775 , 24.197740 , 9.540182
 T=49.000000, -1.028431, 0.474797, 0.219952, 13.572707 , 24.692632 , 9.768075
 T=50.000000, -1.047787, 0.437662, 0.205235, 12.535438 , 25.150775 , 9.981431
 T=51.000000, -1.065585, 0.399873, 0.190212, 11.479512 , 25.571483 , 10.179930
 T=52.000000, -1.081797, 0.361490, 0.174906, 10.406500 , 25.954131 , 10.363277
 T=53.000000, -1.096399, 0.322568, 0.159340, 9.317998 , 26.298147 , 10.531199
 T=54.000000, -1.109368, 0.283168, 0.143538, 8.215628 , 26.603022 , 10.683447
 T=55.000000, -1.120685, 0.243349, 0.127522, 7.101030 , 26.868304 , 10.819794
 T=56.000000, -1.130334, 0.203171, 0.111319, 5.975864 , 27.093600 , 10.940040
 T=57.000000, -1.138300, 0.162696, 0.094952, 4.841806 , 27.278579 , 11.044006
 T=58.000000, -1.144571, 0.121984, 0.078445, 3.700544 , 27.422972 , 11.131540
 T=59.000000, -1.149138, 0.081098, 0.061825, 2.553777 , 27.526570 , 11.202514
 T=60.000000, -1.151996, 0.040099, 0.045116, 1.403212 , 27.589225 , 11.256827
 T=61.000000, -1.153140, -0.000951, 0.028344, 0.250560 , 27.610853 , 11.294399
 T=62.000000, -1.152570, -0.041989, 0.011533, -0.902465 , 27.591432 , 11.315180
 T=63.000000, -1.150287, -0.082954, -0.005290, -2.054149 , 27.531000 , 11.319143
 T=64.000000, -1.146295, -0.123784, -0.022101, -3.202780 , 27.429659 , 11.306286
 T=65.000000, -1.140603, -0.164418, -0.038873, -4.346654 , 27.287570 , 11.276634
 T=66.000000, -1.133218, -0.204794, -0.055582, -5.484072 , 27.104959 , 11.230235
 T=67.000000, -1.124155, -0.244851, -0.072203, -6.613350 , 26.882111 , 11.167165
 T=68.000000, -1.113427, -0.284530, -0.088710, -7.732814 , 26.619371 , 11.087524
 T=69.000000, -1.101052, -0.323772, -0.105079, -8.840807 , 26.317143 , 10.991435
 T=70.000000, -1.087050, -0.362516, -0.121286, -9.935692 , 25.975893 , 10.879049
 T=71.000000, -1.071443, -0.400707, -0.137305, -11.015850 , 25.596143 , 10.750538
 T=72.000000, -1.054257, -0.438286, -0.153114, -12.079689 , 25.178473 , 10.606100
 T=73.000000, -1.035518, -0.475199, -0.168689, -13.125640 , 24.723518 , 10.445957
 T=74.000000, -1.015256, -0.511391, -0.184006, -14.152164 , 24.231971 , 10.270353
 T=75.000000, -0.993503, -0.546807, -0.199044, -15.157753 , 23.704577 , 10.079556
 T=76.000000, -0.970293, -0.581397, -0.213779, -16.140931 , 23.142134 , 9.873856
 T=77.000000, -0.945663, -0.615108, -0.228190, -17.100256 , 22.545493 , 9.653564
 T=78.000000, -0.919649, -0.647893, -0.242257, -18.034325 , 21.915553 , 9.419015
 T=79.000000, -0.892294, -0.679703, -0.255958, -18.941774 , 21.253262 , 9.170562
 T=80.000000, -0.863639, -0.710492, -0.269273, -19.821278 , 20.559618 , 8.908580
 T=81.000000, -0.833727, -0.740216, -0.282183, -20.671558 , 19.835661 , 8.633463
 T=82.000000, -0.802606, -0.768830, -0.294670, -21.491379 , 19.082475 , 8.345625
 T=83.000000, -0.770323, -0.796296, -0.306716, -22.279552 , 18.301189 , 8.045497
 T=84.000000, -0.736927, -0.822573, -0.318303, -23.034936 , 17.492969 , 7.733528
 T=85.000000, -0.702468, -0.847623, -0.329414, -23.756442 , 16.659021 , 7.410185
 T=86.000000, -0.667000, -0.871412, -0.340034, -24.443030 , 15.800587 , 7.075951
 T=87.000000, -0.630575, -0.893906, -0.350148, -25.093716 , 14.918944 , 6.731323
 T=88.000000, -0.593249, -0.915074, -0.359742, -25.707566 , 14.015402 , 6.376814
 T=89.000000, -0.555077, -0.934886, -0.368802, -26.283704 , 13.091299 , 6.012951
 T=90.000000, -0.516117, -0.953314, -0.377315, -26.821312 , 12.148005 , 5.640272
 T=91.000000, -0.476428, -0.970335, -0.385270, -27.319627 , 11.186915 , 5.259331
 T=92.000000, -0.436068, -0.985924, -0.392656, -27.777946 , 10.209446 , 4.870690
 T=93.000000, -0.395097, -1.000060, -0.399463, -28.195625 , 9.217040 , 4.474923
 T=94.000000, -0.353576, -1.012726, -0.405681, -28.572080 , 8.211159 , 4.072613
 T=95.000000, -0.311566, -1.023903, -0.411303, -28.906790 , 7.193280 , 3.664353
 T=96.000000, -0.269130, -1.033579, -0.416320, -29.199292 , 6.164898 , 3.250742
 T=97.000000, -0.226329, -1.041741, -0.420727, -29.449189 , 5.127520 , 2.832388
 T=98.000000, -0.183226, -1.048379, -0.424518, -29.656143 , 4.082666 , 2.409904
 T=99.000000, -0.139884, -1.053486, -0.427688, -29.819883 , 3.031862 , 1.983908
 T=100.000000, -0.096367, -1.057056, -0.430233, -29.940196 , 1.976642 , 1.555023
 T=101.000000, -0.052737, -1.059085, -0.432151, -30.016936 , 0.918546 , 1.123875
 T=102.000000, -0.009058, -1.059574, -0.433440, -30.050019 , -0.140887 , 0.691092
 T=103.000000, 0.034606, -1.058523, -0.434097, -30.039425 , -1.200114 , 0.257304
 T=104.000000, 0.078194, -1.055935, -0.434124, -29.985195 , -2.257599 , -0.176857
 T=105.000000, 0.121642, -1.051816, -0.433521, -29.887435 , -3.311806 , -0.610762
 T=106.000000, 0.164888, -1.046174, -0.432290, -29.746313 , -4.361209 , -1.043780
 T=107.000000, 0.207870, -1.039019, -0.430432, -29.562059 , -5.404288 , -1.475286
 T=108.000000, 0.250527, -1.030363, -0.427952, -29.334964 , -6.439535 , -1.904653
 T=109.000000, 0.292797, -1.020220, -0.424854, -29.065381 , -7.465456 , -2.331262
 T=110.000000, 0.334621, -1.008606, -0.421142, -28.753724 , -8.480570 , -2.754496
 T=111.000000, 0.375939, -0.995538, -0.416824, -28.400465 , -9.483414 , -3.173744
 T=112.000000, 0.416693, -0.981039, -0.411905, -28.006137 , -10.472545 , -3.588404
 T=113.000000, 0.456825, -0.965128, -0.406393, -27.571331 , -11.446540 , -3.997877
 T=114.000000, 0.496279, -0.947832, -0.400297, -27.096693 , -12.403998 , -4.401575
 T=115.000000, 0.534998, -0.929174, -0.393625, -26.582928 , -13.343545 , -4.798916
 T=116.000000, 0.572928, -0.909184, -0.386389, -26.030795 , -14.263833 , -5.189331
 T=117.000000, 0.610016, -0.887891, -0.378598, -25.441105 , -15.163541 , -5.572260
 T=118.000000, 0.646210, -0.865326, -0.370265, -24.814726 , -16.041382 , -5.947152
 T=119.000000, 0.681460, -0.841522, -0.361400, -24.152573 , -16.896097 , -6.313471
 T=120.000000, 0.715715, -0.816514, -0.352019, -23.455615 , -17.726464 , -6.670692
 T=121.000000, 0.748928, -0.790339, -0.342133, -22.724866 , -18.531294 , -7.018303
 T=122.000000, 0.781052, -0.763033, -0.331758, -21.961391 , -19.309437 , -7.355807
 T=123.000000, 0.812043, -0.734637, -0.320908, -21.166297 , -20.059780 , -7.682720
 T=124.000000, 0.841857, -0.705190, -0.309599, -20.340739 , -20.781251 , -7.998576
 T=125.000000, 0.870453, -0.674737, -0.297847, -19.485911 , -21.472818 , -8.302922
 T=126.000000, 0.897791, -0.643319, -0.285669, -18.603051 , -22.133495 , -8.595324
 T=127.000000, 0.923832, -0.610982, -0.273083, -17.693433 , -22.762336 , -8.875363
 T=128.000000, 0.948541, -0.577772, -0.260107, -16.758371 , -23.358443 , -9.142638
 T=129.000000, 0.971882, -0.543735, -0.246758, -15.799212 , -23.920965 , -9.396767
 T=130.000000, 0.993823, -0.508922, -0.233056, -14.817340 , -24.449096 , -9.637388
 T=131.000000, 1.014334, -0.473379, -0.219020, -13.814168 , -24.942081 , -9.864154
 T=132.000000, 1.033385, -0.437159, -0.204670, -12.791139 , -25.399215 , -10.076742
 T=133.000000, 1.050951, -0.400312, -0.190027, -11.749726 , -25.819843 , -10.274846
 T=134.000000, 1.067005, -0.362890, -0.175111, -10.691424 , -26.203360 , -10.458183
 T=135.000000, 1.081527, -0.324947, -0.159943, -9.617757 , -26.549217 , -10.626488
 T=136.000000, 1.094494, -0.286535, -0.144545, -8.530266 , -26.856914 , -10.779520
 T=137.000000, 1.105888, -0.247708, -0.128938, -7.430514 , -27.126009 , -10.917059
 T=138.000000, 1.115694, -0.208523, -0.113145, -6.320082 , -27.356111 , -11.038904
 T=139.000000, 1.123897, -0.169034, -0.097187, -5.200563 , -27.546887 , -11.144880
 T=140.000000, 1.130485, -0.129296, -0.081087, -4.073568 , -27.698057 , -11.234833
 T=141.000000, 1.135449, -0.089366, -0.064868, -2.940714 , -27.809398 , -11.308630
 T=142.000000, 1.138780, -0.049300, -0.048553, -1.803632 , -27.880743 , -11.366163
 T=143.000000, 1.140473, -0.009155, -0.032164, -0.663955 , -27.911982 , -11.407346
 T=144.000000, 1.140526, 0.031012, -0.015726, 0.476677 , -27.903062 , -11.432116
 T=145.000000, 1.138937, 0.071145, 0.000740, 1.616623 , -27.853985 , -11.440433
 T=146.000000, 1.135708, 0.111186, 0.017208, 2.754242 , -27.764812 , -11.432282
 T=147.000000, 1.130842, 0.151080, 0.033657, 3.887895 , -27.635659 , -11.407669
 T=148.000000, 1.124345, 0.190768, 0.050063, 5.015948 , -27.466700 , -11.366625
 T=149.000000, 1.116226, 0.230195, 0.066402, 6.136773 , -27.258166 , -11.309203
 T=150.000000, 1.106495, 0.269305, 0.082651, 7.248753 , -27.010342 , -11.235481
 T=151.000000, 1.095165, 0.308042, 0.098788, 8.350281 , -26.723573 , -11.145557
 T=152.000000, 1.082249, 0.346349, 0.114788, 9.439764 , -26.398255 , -11.039557
 T=153.000000, 1.067766, 0.384173, 0.130630, 10.515624 , -26.034843 , -10.917626
 T=154.000000, 1.051735, 0.421460, 0.146290, 11.576303 , -25.633844 , -10.779933
 T=155.000000, 1.034176, 0.458154, 0.161746, 12.620261 , -25.195821 , -10.626670
 T=156.000000, 1.015115, 0.494204, 0.176976, 13.645982 , -24.721389 , -10.458051
 T=157.000000, 0.994575, 0.529557, 0.191957, 14.651975 , -24.211216 , -10.274312
 T=158.000000, 0.972587, 0.564163, 0.206668, 15.636774 , -23.666023 , -10.075712
 T=159.000000, 0.949178, 0.597969, 0.221088, 16.598943 , -23.086579 , -9.862530
 T=160.000000, 0.924382, 0.630929, 0.235195, 17.537076 , -22.473706 , -9.635067
 T=161.000000, 0.898233, 0.662992, 0.248970, 18.449801 , -21.828273 , -9.393645
 T=162.000000, 0.870766, 0.694112, 0.262391, 19.335781 , -21.151197 , -9.138606
 T=163.000000, 0.842019, 0.724244, 0.275440, 20.193715 , -20.443442 , -8.870311
 T=164.000000, 0.812033, 0.753342, 0.288096, 21.022341 , -19.706017 , -8.589143
 T=165.000000, 0.780849, 0.781363, 0.300342, 21.820438 , -18.939975 , -8.295501
 T=166.000000, 0.748510, 0.808266, 0.312159, 22.586828 , -18.146412 , -7.989805
 T=167.000000, 0.715063, 0.834010, 0.323529, 23.320376 , -17.326464 , -7.672493
 T=168.000000, 0.680553, 0.858557, 0.334435, 24.019996 , -16.481307 , -7.344017
 T=169.000000, 0.645030, 0.881869, 0.344862, 24.684645 , -15.612156 , -7.004850
 T=170.000000, 0.608544, 0.903911, 0.354792, 25.313334 , -14.720262 , -6.655478
 T=171.000000, 0.571147, 0.924650, 0.364212, 25.905123 , -13.806909 , -6.296404
 T=172.000000, 0.532892, 0.944053, 0.373106, 26.459123 , -12.873417 , -5.928146
 T=173.000000, 0.493833, 0.962090, 0.381462, 26.974502 , -11.921134 , -5.551235
 T=174.000000, 0.454026, 0.978734, 0.389266, 27.450481 , -10.951438 , -5.166215
 T=175.000000, 0.413529, 0.993957, 0.396506, 27.886338 , -9.965736 , -4.773644
 T=176.000000, 0.372400, 1.007737, 0.403170, 28.281408 , -8.965458 , -4.374092
 T=177.000000, 0.330698, 1.020050, 0.409249, 28.635087 , -7.952058 , -3.968138
 T=178.000000, 0.288483, 1.030877, 0.414732, 28.946828 , -6.927013 , -3.556372
 T=179.000000, 0.245818, 1.040200, 0.419611, 29.216146 , -5.891816 , -3.139394
 T=180.000000, 0.202764, 1.048003, 0.423877, 29.442619 , -4.847979 , -2.717813
 T=181.000000, 0.159383, 1.054273, 0.427524, 29.625886 , -3.797027 , -2.292243
 T=182.000000, 0.115741, 1.058998, 0.430545, 29.765649 , -2.740501 , -1.863308
 T=183.000000, 0.071900, 1.062169, 0.432936, 29.861675 , -1.679947 , -1.431634
 T=184.000000, 0.027925, 1.063781, 0.434691, 29.913794 , -0.616924 , -0.997856
 T=185.000000, -0.016119, 1.063827, 0.435808, 29.921903 , 0.447007 , -0.562610
 T=186.000000, -0.060166, 1.062307, 0.436283, 29.885960 , 1.510280 , -0.126535
 T=187.000000, -0.104152, 1.059221, 0.436116, 29.805993 , 2.571327 , 0.309726
 T=188.000000, -0.148010, 1.054571, 0.435306, 29.682092 , 3.628585 , 0.745530
 T=189.000000, -0.191676, 1.048362, 0.433853, 29.514413 , 4.680490 , 1.180235
 T=190.000000, -0.235084, 1.040603, 0.431758, 29.303180 , 5.725488 , 1.613198
 T=191.000000, -0.278170, 1.031302, 0.429025, 29.048677 , 6.762032 , 2.043779
 T=192.000000, -0.320868, 1.020471, 0.425656, 28.751258 , 7.788586 , 2.471340
 T=193.000000, -0.363115, 1.008126, 0.421656, 28.411340 , 8.803626 , 2.895248
 T=194.000000, -0.404846, 0.994283, 0.417030, 28.029401 , 9.805646 , 3.314874
 T=195.000000, -0.445999, 0.978962, 0.411785, 27.605986 , 10.793156 , 3.729595
 T=196.000000, -0.486511, 0.962183, 0.405927, 27.141701 , 11.764687 , 4.138794
 T=197.000000, -0.526321, 0.943971, 0.399465, 26.637215 , 12.718792 , 4.541863
 T=198.000000, -0.565369, 0.924352, 0.392409, 26.093257 , 13.654050 , 4.938201
 T=199.000000, -0.603596, 0.903354, 0.384767, 25.510615 , 14.569065 , 5.327219
 T=200.000000, -0.640942, 0.881007, 0.376551, 24.890138 , 15.462473 , 5.708336
 T=201.000000, -0.677352, 0.857344, 0.367774, 24.232732 , 16.332939 , 6.080983
 T=202.000000, -0.712770, 0.832400, 0.358447, 23.539358 , 17.179162 , 6.444604
 T=203.000000, -0.747141, 0.806211, 0.348584, 22.811032 , 17.999878 , 6.798656
 T=204.000000, -0.780413, 0.778816, 0.338201, 22.048826 , 18.793858 , 7.142611
 T=205.000000, -0.812536, 0.750255, 0.327312, 21.253861 , 19.559916 , 7.475953
 T=206.000000, -0.843459, 0.720571, 0.315934, 20.427309 , 20.296904 , 7.798185
 T=207.000000, -0.873136, 0.689809, 0.304083, 19.570391 , 21.003720 , 8.108824
 T=208.000000, -0.901521, 0.658014, 0.291777, 18.684373 , 21.679305 , 8.407406
 T=209.000000, -0.928572, 0.625234, 0.279035, 17.770567 , 22.322647 , 8.693484
 T=210.000000, -0.954245, 0.591518, 0.265875, 16.830327 , 22.932784 , 8.966630
 T=211.000000, -0.978503, 0.556917, 0.252318, 15.865047 , 23.508803 , 9.226436
 T=212.000000, -1.001307, 0.521483, 0.238383, 14.876161 , 24.049841 , 9.472514
 T=213.000000, -1.022624, 0.485269, 0.224093, 13.865138 , 24.555090 , 9.704495
 T=214.000000, -1.042420, 0.448331, 0.209468, 12.833479 , 25.023794 , 9.922033
 T=215.000000, -1.060666, 0.410723, 0.194530, 11.782719 , 25.455254 , 10.124804
 T=216.000000, -1.077333, 0.372503, 0.179303, 10.714422 , 25.848826 , 10.312505
 T=217.000000, -1.092396, 0.333729, 0.163809, 9.630178 , 26.203924 , 10.484857
 T=218.000000, -1.105834, 0.294459, 0.148071, 8.531599 , 26.520021 , 10.641602
 T=219.000000, -1.117624, 0.254754, 0.132114, 7.420323 , 26.796646 , 10.782510
 T=220.000000, -1.127751, 0.214672, 0.115962, 6.298004 , 27.033392 , 10.907371
 T=221.000000, -1.136198, 0.174276, 0.099639, 5.166312 , 27.229909 , 11.016000
 T=222.000000, -1.142954, 0.133626, 0.083170, 4.026934 , 27.385911 , 11.108239
 T=223.000000, -1.148009, 0.092783, 0.066579, 2.881565 , 27.501170 , 11.183952
 T=224.000000, -1.151355, 0.051810, 0.049893, 1.731909 , 27.575524 , 11.243029
 T=225.000000, -1.152988, 0.010768, 0.033136, 0.579678 , 27.608868 , 11.285386
 T=226.000000, -1.152907, -0.030280, 0.016334, -0.573416 , 27.601162 , 11.310964
 T=227.000000, -1.151113, -0.071272, -0.000488, -1.725657 , 27.552428 , 11.319728
 T=228.000000, -1.147608, -0.112147, -0.017305, -2.875333 , 27.462750 , 11.311671
 T=229.000000, -1.142400, -0.152843, -0.034091, -4.020738 , 27.332272 , 11.286809
 T=230.000000, -1.135498, -0.193299, -0.050821, -5.160172 , 27.161202 , 11.245184
 T=231.000000, -1.126912, -0.233453, -0.067469, -6.291944 , 26.949806 , 11.186863
 T=232.000000, -1.116658, -0.273246, -0.084011, -7.414379 , 26.698413 , 11.111940
 T=233.000000, -1.104751, -0.312619, -0.100422, -8.525814 , 26.407412 , 11.020532
 T=234.000000, -1.091211, -0.351511, -0.116678, -9.624606 , 26.077250 , 10.912781
 T=235.000000, -1.076060, -0.389866, -0.132753, -10.709132 , 25.708433 , 10.788854
 T=236.000000, -1.059322, -0.427625, -0.148625, -11.777789 , 25.301524 , 10.648940
 T=237.000000, -1.041023, -0.464734, -0.164268, -12.829005 , 24.857143 , 10.493256
 T=238.000000, -1.021193, -0.501137, -0.179662, -13.861229 , 24.375967 , 10.322039
 T=239.000000, -0.999862, -0.536780, -0.194781, -14.872946 , 23.858726 , 10.135550
 T=240.000000, -0.977065, -0.571611, -0.209605, -15.862669 , 23.306203 , 9.934073
 T=241.000000, -0.952836, -0.605578, -0.224111, -16.828947 , 22.719234 , 9.717913
 T=242.000000, -0.927213, -0.638633, -0.238278, -17.770366 , 22.098704 , 9.487399
 T=243.000000, -0.900237, -0.670726, -0.252085, -18.685550 , 21.445548 , 9.242877
 T=244.000000, -0.871948, -0.701811, -0.265513, -19.573163 , 20.760750 , 8.984717
 T=245.000000, -0.842390, -0.731842, -0.278541, -20.431913 , 20.045336 , 8.713308
 T=246.000000, -0.811610, -0.760778, -0.291150, -21.260551 , 19.300380 , 8.429058
 T=247.000000, -0.779653, -0.788576, -0.303324, -22.057876 , 18.526998 , 8.132393
 T=248.000000, -0.746570, -0.815196, -0.315043, -22.822733 , 17.726344 , 7.823757
 T=249.000000, -0.712409, -0.840600, -0.326292, -23.554017 , 16.899615 , 7.503613
 T=250.000000, -0.677223, -0.864752, -0.337054, -24.250675 , 16.048042 , 7.172437
 T=251.000000, -0.641066, -0.887620, -0.347314, -24.911705 , 15.172892 , 6.830724
 T=252.000000, -0.603992, -0.909169, -0.357057, -25.536161 , 14.275465 , 6.478983
 T=253.000000, -0.566056, -0.929371, -0.366271, -26.123150 , 13.357093 , 6.117735
 T=254.000000, -0.527315, -0.948197, -0.374941, -26.671837 , 12.419136 , 5.747517
 T=255.000000, -0.487828, -0.965621, -0.383057, -27.181442 , 11.462982 , 5.368877
 T=256.000000, -0.447653, -0.981621, -0.390606, -27.651245 , 10.490042 , 4.982376
 T=257.000000, -0.406850, -0.996174, -0.397579, -28.080586 , 9.501752 , 4.588584
 T=258.000000, -0.365480, -1.009261, -0.403966, -28.468864 , 8.499567 , 4.188082
 T=259.000000, -0.323604, -1.020865, -0.409759, -28.815539 , 7.484961 , 3.781459
 T=260.000000, -0.281283, -1.030971, -0.414950, -29.120133 , 6.459424 , 3.369314
 T=261.000000, -0.238579, -1.039566, -0.419532, -29.382228 , 5.424460 , 2.952252
 T=262.000000, -0.195556, -1.046640, -0.423499, -29.601470 , 4.381584 , 2.530884
 T=263.000000, -0.152276, -1.052185, -0.426847, -29.777569 , 3.332322 , 2.105827
 T=264.000000, -0.108803, -1.056194, -0.429571, -29.910296 , 2.278207 , 1.677703
 T=265.000000, -0.065199, -1.058663, -0.431668, -29.999485 , 1.220775 , 1.247137
 T=266.000000, -0.021528, -1.059592, -0.433136, -30.045034 , 0.161567 , 0.814756
 T=267.000000, 0.022148, -1.058979, -0.433974, -30.046906 , -0.897877 , 0.381191
 T=268.000000, 0.065764, -1.056830, -0.434181, -30.005123 , -1.956015 , -0.052928
 T=269.000000, 0.109258, -1.053147, -0.433757, -29.919775 , -3.011314 , -0.486970
 T=270.000000, 0.152568, -1.047939, -0.432705, -29.791009 , -4.062244 , -0.920305
 T=271.000000, 0.195632, -1.041215, -0.431026, -29.619039 , -5.107282 , -1.352306
 T=272.000000, 0.238388, -1.032986, -0.428723, -29.404139 , -6.144918 , -1.782347
 T=273.000000, 0.280774, -1.023266, -0.425801, -29.146645 , -7.173652 , -2.209806
 T=274.000000, 0.322732, -1.012070, -0.422264, -28.846952 , -8.192001 , -2.634066
 T=275.000000, 0.364200, -0.999415, -0.418118, -28.505516 , -9.198495 , -3.054514
 T=276.000000, 0.405121, -0.985322, -0.413370, -28.122854 , -10.191686 , -3.470545
 T=277.000000, 0.445437, -0.969812, -0.408026, -27.699538 , -11.170145 , -3.881559
 T=278.000000, 0.485089, -0.952909, -0.402096, -27.236201 , -12.132465 , -4.286965
 T=279.000000, 0.524024, -0.934637, -0.395588, -26.733530 , -13.077263 , -4.686179
 T=280.000000, 0.562185, -0.915025, -0.388512, -26.192267 , -14.003184 , -5.078629
 T=281.000000, 0.599519, -0.894100, -0.380878, -25.613212 , -14.908899 , -5.463751
 T=282.000000, 0.635973, -0.871895, -0.372698, -24.997214 , -15.793112 , -5.840992
 T=283.000000, 0.671497, -0.848441, -0.363984, -24.345176 , -16.654554 , -6.209813
 T=284.000000, 0.706041, -0.823773, -0.354749, -23.658051 , -17.491994 , -6.569683
 T=285.000000, 0.739556, -0.797927, -0.345005, -22.936842 , -18.304232 , -6.920089
 T=286.000000, 0.771996, -0.770940, -0.334768, -22.182597 , -19.090108 , -7.260527
 T=287.000000, 0.803315, -0.742851, -0.324052, -21.396413 , -19.848497 , -7.590512
 T=288.000000, 0.833469, -0.713700, -0.312873, -20.579431 , -20.578316 , -7.909571
 T=289.000000, 0.862417, -0.683530, -0.301246, -19.732833 , -21.278522 , -8.217248
 T=290.000000, 0.890118, -0.652383, -0.289188, -18.857846 , -21.948114 , -8.513102
 T=291.000000, 0.916533, -0.620303, -0.276717, -17.955734 , -22.586136 , -8.796711
 T=292.000000, 0.941626, -0.587338, -0.263849, -17.027798 , -23.191676 , -9.067670
 T=293.000000, 0.965361, -0.553532, -0.250605, -16.075379 , -23.763868 , -9.325589
 T=294.000000, 0.987705, -0.518935, -0.237002, -15.099847 , -24.301895 , -9.570102
 T=295.000000, 1.008627, -0.483596, -0.223059, -14.102609 , -24.804987 , -9.800857
 T=296.000000, 1.028098, -0.447564, -0.208797, -13.085099 , -25.272424 , -10.017524
 T=297.000000, 1.046090, -0.410891, -0.194236, -12.048782 , -25.703536 , -10.219792
 T=298.000000, 1.062578, -0.373628, -0.179395, -10.995147 , -26.097704 , -10.407372
 T=299.000000, 1.077539, -0.335827, -0.164297, -9.925709 , -26.454364 , -10.579993
 T=300.000000, 1.090952, -0.297544, -0.148963, -8.842006 , -26.773001 , -10.737409
 T=301.000000, 1.102797, -0.258830, -0.133413, -7.745593 , -27.053157 , -10.879391
 T=302.000000, 1.113058, -0.219742, -0.117670, -6.638047 , -27.294426 , -11.005735
 T=303.000000, 1.121720, -0.180333, -0.101757, -5.520959 , -27.496458 , -11.116257
 T=304.000000, 1.128770, -0.140661, -0.085696, -4.395933 , -27.658958 , -11.210798
 T=305.000000, 1.134198, -0.100780, -0.069508, -3.264586 , -27.781688 , -11.289219
 T=306.000000, 1.137996, -0.060747, -0.053218, -2.128544 , -27.864463 , -11.351404
 T=307.000000, 1.140157, -0.020619, -0.036848, -0.989441 , -27.907158 , -11.397261
 T=308.000000, 1.140678, 0.019548, -0.020422, 0.151086 , -27.909703 , -11.426721
 T=309.000000, 1.139558, 0.059696, -0.003962, 1.291396 , -27.872085 , -11.439738
 T=310.000000, 1.136797, 0.099769, 0.012508, 2.429846 , -27.794348 , -11.436288
 T=311.000000, 1.132397, 0.139711, 0.028965, 3.564798 , -27.676591 , -11.416372
 T=312.000000, 1.126366, 0.179464, 0.045386, 4.694616 , -27.518974 , -11.380013
 T=313.000000, 1.118709, 0.218971, 0.061746, 5.817670 , -27.321709 , -11.327259
 T=314.000000, 1.109437, 0.258177, 0.078024, 6.932339 , -27.085068 , -11.258180
 T=315.000000, 1.098561, 0.297026, 0.094195, 8.037013 , -26.809377 , -11.172870
 T=316.000000, 1.086096, 0.335462, 0.110236, 9.130096 , -26.495019 , -11.071445
 T=317.000000, 1.072059, 0.373429, 0.126126, 10.210004 , -26.142431 , -10.954045
 T=318.000000, 1.056467, 0.410875, 0.141840, 11.275175 , -25.752106 , -10.820832
 T=319.000000, 1.039343, 0.447743, 0.157356, 12.324061 , -25.324590 , -10.671993
 T=320.000000, 1.020708, 0.483983, 0.172653, 13.355142 , -24.860485 , -10.507734
 T=321.000000, 1.000587, 0.519540, 0.187707, 14.366917 , -24.360443 , -10.328286
 T=322.000000, 0.979009, 0.554364, 0.202498, 15.357913 , -23.825170 , -10.133900
 T=323.000000, 0.956003, 0.588404, 0.217003, 16.326686 , -23.255421 , -9.924851
 T=324.000000, 0.931600, 0.621610, 0.231202, 17.271822 , -22.652004 , -9.701432
 T=325.000000, 0.905833, 0.653934, 0.245073, 18.191938 , -22.015773 , -9.463961
 T=326.000000, 0.878738, 0.685328, 0.258597, 19.085686 , -21.347633 , -9.212772
 T=327.000000, 0.850353, 0.715747, 0.271754, 19.951756 , -20.648534 , -8.948223
 T=328.000000, 0.820716, 0.745144, 0.284525, 20.788874 , -19.919472 , -8.670689
 T=329.000000, 0.789870, 0.773477, 0.296890, 21.595807 , -19.161489 , -8.380566
 T=330.000000, 0.757856, 0.800703, 0.308831, 22.371366 , -18.375667 , -8.078267
 T=331.000000, 0.724721, 0.826782, 0.320330, 23.114402 , -17.563132 , -7.764225
 T=332.000000, 0.690509, 0.851675, 0.331370, 23.823814 , -16.725049 , -7.438888
 T=333.000000, 0.655271, 0.875343, 0.341935, 24.498548 , -15.862621 , -7.102724
 T=334.000000, 0.619054, 0.897751, 0.352009, 25.137600 , -14.977088 , -6.756214
 T=335.000000, 0.581912, 0.918865, 0.361576, 25.740015 , -14.069728 , -6.399857
 T=336.000000, 0.543896, 0.938652, 0.370622, 26.304889 , -13.141848 , -6.034167
 T=337.000000, 0.505060, 0.957083, 0.379133, 26.831374 , -12.194788 , -5.659670
 T=338.000000, 0.465461, 0.974127, 0.387095, 27.318675 , -11.229921 , -5.276909
 T=339.000000, 0.425155, 0.989758, 0.394497, 27.766055 , -10.248642 , -4.886436
 T=340.000000, 0.384201, 1.003952, 0.401327, 28.172832 , -9.252377 , -4.488818
 T=341.000000, 0.342656, 1.016686, 0.407574, 28.538383 , -8.242574 , -4.084631
 T=342.000000, 0.300582, 1.027939, 0.413228, 28.862147 , -7.220701 , -3.674463
 T=343.000000, 0.258039, 1.037693, 0.418280, 29.143620 , -6.188248 , -3.258912
 T=344.000000, 0.215089, 1.045932, 0.422722, 29.382363 , -5.146722 , -2.838582
 T=345.000000, 0.171795, 1.052640, 0.426547, 29.577995 , -4.097644 , -2.414087
 T=346.000000, 0.128221, 1.057807, 0.429747, 29.730203 , -3.042552 , -1.986049
 T=347.000000, 0.084430, 1.061423, 0.432318, 29.838733 , -1.982989 , -1.555092
 T=348.000000, 0.040487, 1.063480, 0.434255, 29.903399 , -0.920511 , -1.121850
 T=349.000000, -0.003544, 1.063974, 0.435554, 29.924076 , 0.143320 , -0.686958
 T=350.000000, -0.047597, 1.062901, 0.436213, 29.900708 , 1.206941 , -0.251054
 T=351.000000, -0.091607, 1.060262, 0.436229, 29.833301 , 2.268783 , 0.185219
 T=352.000000, -0.135508, 1.056058, 0.435603, 29.721927 , 3.327282 , 0.621220
 T=353.000000, -0.179236, 1.050293, 0.434333, 29.566724 , 4.380874 , 1.056304
 T=354.000000, -0.222724, 1.042975, 0.432421, 29.367896 , 5.428002 , 1.489829
 T=355.000000, -0.265908, 1.034113, 0.429870, 29.125711 , 6.467117 , 1.921155
 T=356.000000, -0.308724, 1.023718, 0.426682, 28.840503 , 7.496678 , 2.349643
 T=357.000000, -0.351106, 1.011804, 0.422862, 28.512669 , 8.515159 , 2.774659
 T=358.000000, -0.392990, 0.998386, 0.418414, 28.142671 , 9.521048 , 3.195571
 T=359.000000, -0.434315, 0.983485, 0.413345, 27.731036 , 10.512851 , 3.611755
 T=360.000000, -0.475016, 0.967120, 0.407661, 27.278352 , 11.489091 , 4.022593
 T=361.000000, -0.515033, 0.949315, 0.401371, 26.785269 , 12.448317 , 4.427473
 T=362.000000, -0.554305, 0.930094, 0.394483, 26.252500 , 13.389098 , 4.825793
 T=363.000000, -0.592772, 0.909487, 0.387007, 25.680816 , 14.310032 , 5.216960
 T=364.000000, -0.630376, 0.887521, 0.378954, 25.071048 , 15.209745 , 5.600391
 T=365.000000, -0.667058, 0.864231, 0.370336, 24.424087 , 16.086893 , 5.975513
 T=366.000000, -0.702765, 0.839648, 0.361164, 23.740878 , 16.940167 , 6.341766
 T=367.000000, -0.737440, 0.813811, 0.351453, 23.022422 , 17.768290 , 6.698605
 T=368.000000, -0.771031, 0.786756, 0.341217, 22.269775 , 18.570025 , 7.045494
 T=369.000000, -0.803487, 0.758524, 0.330471, 21.484043 , 19.344172 , 7.381917
 T=370.000000, -0.834757, 0.729156, 0.319231, 20.666384 , 20.089572 , 7.707370
 T=371.000000, -0.864795, 0.698697, 0.307513, 19.818006 , 20.805110 , 8.021366
 T=372.000000, -0.893554, 0.667192, 0.295335, 18.940163 , 21.489714 , 8.323436
 T=373.000000, -0.920989, 0.634688, 0.282715, 18.034152 , 22.142360 , 8.613128
 T=374.000000, -0.947060, 0.601235, 0.269673, 17.101317 , 22.762071 , 8.890008
 T=375.000000, -0.971725, 0.566881, 0.256227, 16.143040 , 23.347918 , 9.153662
 T=376.000000, -0.994948, 0.531679, 0.242398, 15.160744 , 23.899026 , 9.403697
 T=377.000000, -1.016693, 0.495682, 0.228207, 14.155887 , 24.414570 , 9.639738
 T=378.000000, -1.036926, 0.458945, 0.213675, 13.129963 , 24.893779 , 9.861433
 T=379.000000, -1.055617, 0.421522, 0.198825, 12.084498 , 25.335938 , 10.068451
 T=380.000000, -1.072738, 0.383471, 0.183678, 11.021045 , 25.740387 , 10.260483
 T=381.000000, -1.088262, 0.344850, 0.168257, 9.941189 , 26.106523 , 10.437243
 T=382.000000, -1.102165, 0.305715, 0.152587, 8.846536 , 26.433803 , 10.598468
 T=383.000000, -1.114428, 0.266128, 0.136690, 7.738717 , 26.721739 , 10.743918
 T=384.000000, -1.125031, 0.226148, 0.120591, 6.619380 , 26.969906 , 10.873379
 T=385.000000, -1.133959, 0.185835, 0.104314, 5.490192 , 27.177938 , 10.986659
 T=386.000000, -1.141199, 0.145251, 0.087884, 4.352835 , 27.345530 , 11.083591
 T=387.000000, -1.146740, 0.104457, 0.071326, 3.209003 , 27.472438 , 11.164033
 T=388.000000, -1.150574, 0.063515, 0.054664, 2.060396 , 27.558481 , 11.227869
 T=389.000000, -1.152697, 0.022486, 0.037925, 0.908725 , 27.603537 , 11.275006
 T=390.000000, -1.153105, -0.018566, 0.021133, -0.244297 , 27.607549 , 11.305377
 T=391.000000, -1.151799, -0.059581, 0.004314, -1.396955 , 27.570520 , 11.318943
 T=392.000000, -1.148783, -0.100496, -0.012507, -2.547538 , 27.492517 , 11.315687
 T=393.000000, -1.144060, -0.141249, -0.029304, -3.694336 , 27.373667 , 11.295618
 T=394.000000, -1.137640, -0.181779, -0.046053, -4.835647 , 27.214158 , 11.258772
 T=395.000000, -1.129534, -0.222026, -0.062727, -5.969778 , 27.014242 , 11.205208
 T=396.000000, -1.119754, -0.261928, -0.079302, -7.095048 , 26.774229 , 11.135014
 T=397.000000, -1.108317, -0.301427, -0.095753, -8.209791 , 26.494490 , 11.048297
 T=398.000000, -1.095241, -0.340462, -0.112055, -9.312359 , 26.175457 , 10.945195
 T=399.000000, -1.080548, -0.378976, -0.128184, -10.401120 , 25.817618 , 10.825867
 T=400.000000, -1.064260, -0.416911, -0.144116, -11.474469 , 25.421521 , 10.690496
 T=401.000000, -1.046404, -0.454211, -0.159828, -12.530822 , 24.987770 , 10.539290
 T=402.000000, -1.027008, -0.490821, -0.175295, -13.568623 , 24.517025 , 10.372481
 T=403.000000, -1.006102, -0.526687, -0.190495, -14.586347 , 24.010001 , 10.190323
 T=404.000000, -0.983720, -0.561755, -0.205405, -15.582497 , 23.467466 , 9.993094
 T=405.000000, -0.959895, -0.595974, -0.220004, -16.555613 , 22.890241 , 9.781093
 T=406.000000, -0.934667, -0.629293, -0.234270, -17.504270 , 22.279197 , 9.554641
 T=407.000000, -0.908072, -0.661666, -0.248182, -18.427080 , 21.635256 , 9.314081
 T=408.000000, -0.880154, -0.693043, -0.261720, -19.322696 , 20.959386 , 9.059775
 T=409.000000, -0.850954, -0.723380, -0.274864, -20.189814 , 20.252604 , 8.792107
 T=410.000000, -0.820518, -0.752633, -0.287595, -21.027172 , 19.515969 , 8.511480
 T=411.000000, -0.788892, -0.780759, -0.299895, -21.833554 , 18.750584 , 8.218314
 T=412.000000, -0.756125, -0.807719, -0.311745, -22.607793 , 17.957595 , 7.913048
 T=413.000000, -0.722267, -0.833474, -0.323130, -23.348770 , 17.138185 , 7.596141
 T=414.000000, -0.687368, -0.857988, -0.334032, -24.055416 , 16.293576 , 7.268064
 T=415.000000, -0.651483, -0.881225, -0.344437, -24.726715 , 15.425024 , 6.929308
 T=416.000000, -0.614664, -0.903154, -0.354330, -25.361704 , 14.533822 , 6.580376
 T=417.000000, -0.576968, -0.923743, -0.363696, -25.959475 , 13.621291 , 6.221788
 T=418.000000, -0.538452, -0.942965, -0.372522, -26.519176 , 12.688784 , 5.854075
 T=419.000000, -0.499172, -0.960792, -0.380798, -27.040013 , 11.737681 , 5.477783
 T=420.000000, -0.459187, -0.977201, -0.388510, -27.521247 , 10.769388 , 5.093468
 T=421.000000, -0.418558, -0.992169, -0.395648, -27.962202 , 9.785332 , 4.701698
 T=422.000000, -0.377343, -1.005676, -0.402203, -28.362258 , 8.786964 , 4.303052
 T=423.000000, -0.335605, -1.017705, -0.408167, -28.720860 , 7.775752 , 3.898116
 T=424.000000, -0.293404, -1.028240, -0.413530, -29.037510 , 6.753182 , 3.487486
 T=425.000000, -0.250804, -1.037268, -0.418286, -29.311775 , 5.720755 , 3.071765
 T=426.000000, -0.207866, -1.044777, -0.422430, -29.543282 , 4.679983 , 2.651563
 T=427.000000, -0.164653, -1.050759, -0.425955, -29.731722 , 3.632388 , 2.227496
 T=428.000000, -0.121228, -1.055206, -0.428857, -29.876848 , 2.579501 , 1.800184
 T=429.000000, -0.077655, -1.058115, -0.431133, -29.978478 , 1.522859 , 1.370251
 T=430.000000, -0.033996, -1.059484, -0.432781, -30.036490 , 0.464000 , 0.938324
 T=431.000000, 0.009684, -1.059311, -0.433799, -30.050830 , -0.595533 , 0.505033
 T=432.000000, 0.053324, -1.057600, -0.434186, -30.021502 , -1.654200 , 0.071008
 T=433.000000, 0.096859, -1.054354, -0.433942, -29.948576 , -2.710466 , -0.363120
 T=434.000000, 0.140228, -1.049581, -0.433069, -29.832184 , -3.762798 , -0.796721
 T=435.000000, 0.183368, -1.043288, -0.431569, -29.672522 , -4.809672 , -1.229167
 T=436.000000, 0.226218, -1.035488, -0.429444, -29.469844 , -5.849574 , -1.659831
 T=437.000000, 0.268717, -1.026192, -0.426698, -29.224470 , -6.881002 , -2.088090
 T=438.000000, 0.310803, -1.015415, -0.423336, -28.936779 , -7.902465 , -2.513326
 T=439.000000, 0.352417, -1.003175, -0.419363, -28.607208 , -8.912492 , -2.934924
 T=440.000000, 0.393500, -0.989490, -0.414786, -28.236258 , -9.909627 , -3.352277
 T=441.000000, 0.433994, -0.974382, -0.409612, -27.824484 , -10.892435 , -3.764784
 T=442.000000, 0.473842, -0.957874, -0.403848, -27.372503 , -11.859504 , -4.171850
 T=443.000000, 0.512987, -0.939990, -0.397504, -26.880986 , -12.809443 , -4.572891
 T=444.000000, 0.551374, -0.920758, -0.390589, -26.350660 , -13.740888 , -4.967329
 T=445.000000, 0.588949, -0.900205, -0.383113, -25.782308 , -14.652505 , -5.354600
 T=446.000000, 0.625660, -0.878362, -0.375088, -25.176766 , -15.542986 , -5.734146
 T=447.000000, 0.661455, -0.855261, -0.366525, -24.534920 , -16.411055 , -6.105425
 T=448.000000, 0.696284, -0.830936, -0.357437, -23.857711 , -17.255470 , -6.467903
 T=449.000000, 0.730097, -0.805423, -0.347837, -23.146125 , -18.075022 , -6.821062
 T=450.000000, 0.762849, -0.778757, -0.337740, -22.401200 , -18.868538 , -7.164396
 T=451.000000, 0.794492, -0.750979, -0.327159, -21.624019 , -19.634886 , -7.497414
 T=452.000000, 0.824983, -0.722127, -0.316110, -20.815709 , -20.372968 , -7.819638
 T=453.000000, 0.854280, -0.692243, -0.304609, -19.977442 , -21.081731 , -8.130610
 T=454.000000, 0.882340, -0.661370, -0.292673, -19.110431 , -21.760161 , -8.429883
 T=455.000000, 0.909126, -0.629553, -0.280318, -18.215930 , -22.407289 , -8.717029
 T=456.000000, 0.934600, -0.596835, -0.267562, -17.295231 , -23.022191 , -8.991639
 T=457.000000, 0.958726, -0.563265, -0.254423, -16.349662 , -23.603988 , -9.253319
 T=458.000000, 0.981470, -0.528889, -0.240920, -15.380585 , -24.151848 , -9.501695
 T=459.000000, 1.002802, -0.493756, -0.227073, -14.389398 , -24.664987 , -9.736411
 T=460.000000, 1.022690, -0.457917, -0.212900, -13.377527 , -25.142672 , -9.957132
 T=461.000000, 1.041107, -0.421421, -0.198422, -12.346427 , -25.584218 , -10.163541
 T=462.000000, 1.058027, -0.384321, -0.183659, -11.297582 , -25.988992 , -10.355342
 T=463.000000, 1.073426, -0.346669, -0.168632, -10.232499 , -26.356413 , -10.532259
 T=464.000000, 1.087283, -0.308518, -0.153363, -9.152710 , -26.685952 , -10.694039
 T=465.000000, 1.099577, -0.269921, -0.137872, -8.059765 , -26.977136 , -10.840449
 T=466.000000, 1.110292, -0.230934, -0.122182, -6.955235 , -27.229543 , -10.971276
 T=467.000000, 1.119412, -0.191612, -0.106316, -5.840708 , -27.442808 , -11.086332
 T=468.000000, 1.126923, -0.152009, -0.090294, -4.717783 , -27.616619 , -11.185450
 T=469.000000, 1.132815, -0.112182, -0.074140, -3.588075 , -27.750722 , -11.268485
 T=470.000000, 1.137078, -0.072187, -0.057877, -2.453207 , -27.844917 , -11.335315
 T=471.000000, 1.139707, -0.032080, -0.041528, -1.314810 , -27.899063 , -11.385841
 T=472.000000, 1.140697, 0.008082, -0.025115, -0.174522 , -27.913072 , -11.419987
 T=473.000000, 1.140045, 0.048241, -0.008662, 0.966017 , -27.886916 , -11.437701
 T=474.000000, 1.137752, 0.088342, 0.007807, 2.105165 , -27.820623 , -11.438952
 T=475.000000, 1.133820, 0.128327, 0.024271, 3.241283 , -27.714276 , -11.423734
 T=476.000000, 1.128254, 0.168139, 0.040704, 4.372733 , -27.568017 , -11.392066
 T=477.000000, 1.121060, 0.207722, 0.057084, 5.497883 , -27.382044 , -11.343985
 T=478.000000, 1.112248, 0.247020, 0.073387, 6.615110 , -27.156612 , -11.279558
 T=479.000000, 1.101828, 0.285977, 0.089591, 7.722801 , -26.892031 , -11.198870
 T=480.000000, 1.089816, 0.324536, 0.105672, 8.819355 , -26.588668 , -11.102031
 T=481.000000, 1.076225, 0.362643, 0.121607, 9.903184 , -26.246944 , -10.989175
 T=482.000000, 1.061075, 0.400243, 0.137374, 10.972720 , -25.867337 , -10.860458
 T=483.000000, 1.044386, 0.437281, 0.152949, 12.026411 , -25.450379 , -10.716059
 T=484.000000, 1.026179, 0.473706, 0.168310, 13.062728 , -24.996654 , -10.556179
 T=485.000000, 1.006481, 0.509463, 0.183436, 14.080165 , -24.506800 , -10.381042
 T=486.000000, 0.985316, 0.544502, 0.198304, 15.077241 , -23.981508 , -10.190893
 T=487.000000, 0.962714, 0.578770, 0.212893, 16.052504 , -23.421520 , -9.986000
 T=488.000000, 0.938706, 0.612220, 0.227181, 17.004529 , -22.827627 , -9.766652
 T=489.000000, 0.913325, 0.644800, 0.241148, 17.931926 , -22.200673 , -9.533158
 T=490.000000, 0.886606, 0.676465, 0.254774, 18.833336 , -21.541546 , -9.285849
 T=491.000000, 0.858585, 0.707166, 0.268038, 19.707438 , -20.851184 , -9.025076
 T=492.000000, 0.829301, 0.736860, 0.280920, 20.552948 , -20.130571 , -8.751209
 T=493.000000, 0.798796, 0.765501, 0.293403, 21.368620 , -19.380734 , -8.464638
 T=494.000000, 0.767111, 0.793047, 0.305466, 22.153253 , -18.602746 , -8.165772
 T=495.000000, 0.734291, 0.819458, 0.317094, 22.905687 , -17.797718 , -7.855036
 T=496.000000, 0.700382, 0.844693, 0.328267, 23.624806 , -16.966806 , -7.532877
 T=497.000000, 0.665431, 0.868714, 0.338969, 24.309544 , -16.111202 , -7.199754
 T=498.000000, 0.629489, 0.891486, 0.349185, 24.958881 , -15.232136 , -6.856147
 T=499.000000, 0.592605, 0.912972, 0.358898, 25.571848 , -14.330874 , -6.502550
 T=500.000000, 0.554833, 0.933142, 0.368094, 26.147526 , -13.408716 , -6.139470
 T=501.000000, 0.516226, 0.951962, 0.376759, 26.685053 , -12.466992 , -5.767433
 T=502.000000, 0.476839, 0.969405, 0.384879, 27.183617 , -11.507066 , -5.386975
 T=503.000000, 0.436729, 0.985442, 0.392442, 27.642463 , -10.530328 , -4.998645
 T=504.000000, 0.395953, 1.000049, 0.399437, 28.060896 , -9.538194 , -4.603008
 T=505.000000, 0.354571, 1.013202, 0.405851, 28.438275 , -8.532106 , -4.200637
 T=506.000000, 0.312642, 1.024879, 0.411675, 28.774020 , -7.513526 , -3.792116
 T=507.000000, 0.270226, 1.035063, 0.416900, 29.067613 , -6.483940 , -3.378040
 T=508.000000, 0.227386, 1.043736, 0.421517, 29.318594 , -5.444849 , -2.959012
 T=509.000000, 0.184184, 1.050882, 0.425518, 29.526566 , -4.397771 , -2.535643
 T=510.000000, 0.140684, 1.056490, 0.428898, 29.691197 , -3.344238 , -2.108552
 T=511.000000, 0.096948, 1.060550, 0.431649, 29.812217 , -2.285793 , -1.678364
 T=512.000000, 0.053042, 1.063052, 0.433767, 29.889419 , -1.223988 , -1.245710
 T=513.000000, 0.009029, 1.063993, 0.435249, 29.922661 , -0.160384 , -0.811223
 T=514.000000, -0.035024, 1.063367, 0.436090, 29.911867 , 0.903457 , -0.375543
 T=515.000000, -0.079053, 1.061175, 0.436290, 29.857026 , 1.965967 , 0.060691
 T=516.000000, -0.122992, 1.057417, 0.435847, 29.758190 , 3.025580 , 0.496835
 T=517.000000, -0.166776, 1.052098, 0.434761, 29.615480 , 4.080732 , 0.932246
 T=518.000000, -0.210339, 1.045222, 0.433032, 29.429080 , 5.129863 , 1.366282
 T=519.000000, -0.253617, 1.036800, 0.430663, 29.199240 , 6.171423 , 1.798301
 T=520.000000, -0.296544, 1.026841, 0.427657, 28.926274 , 7.203867 , 2.227664
 T=521.000000, -0.339056, 1.015359, 0.424017, 28.610563 , 8.225666 , 2.653735
 T=522.000000, -0.381089, 1.002369, 0.419748, 28.252549 , 9.235303 , 3.075882
 T=523.000000, -0.422580, 0.987889, 0.414855, 27.852742 , 10.231278 , 3.493479
 T=524.000000, -0.463466, 0.971939, 0.409346, 27.411711 , 11.212109 , 3.905906
 T=525.000000, -0.503684, 0.954542, 0.403228, 26.930089 , 12.176338 , 4.312549
 T=526.000000, -0.543175, 0.935723, 0.396510, 26.408571 , 13.122528 , 4.712802
 T=527.000000, -0.581878, 0.915509, 0.389200, 25.847913 , 14.049269 , 5.106071
 T=528.000000, -0.619734, 0.893928, 0.381311, 25.248928 , 14.955178 , 5.491769
 T=529.000000, -0.656685, 0.871012, 0.372853, 24.612489 , 15.838902 , 5.869320
 T=530.000000, -0.692676, 0.846795, 0.363838, 23.939527 , 16.699122 , 6.238161
 T=531.000000, -0.727651, 0.821312, 0.354279, 23.231026 , 17.534553 , 6.597742
 T=532.000000, -0.761557, 0.794600, 0.344192, 22.488027 , 18.343944 , 6.947525
 T=533.000000, -0.794342, 0.766700, 0.333589, 21.711623 , 19.126085 , 7.286988
 T=534.000000, -0.825955, 0.737652, 0.322488, 20.902957 , 19.879806 , 7.615622
 T=535.000000, -0.856350, 0.707500, 0.310905, 20.063221 , 20.603979 , 7.932937
 T=536.000000, -0.885478, 0.676289, 0.298857, 19.193657 , 21.297520 , 8.238458
 T=537.000000, -0.913296, 0.644065, 0.286361, 18.295552 , 21.959390 , 8.531728
 T=538.000000, -0.939760, 0.610877, 0.273437, 17.370234 , 22.588598 , 8.812308
 T=539.000000, -0.964830, 0.576775, 0.260105, 16.419076 , 23.184203 , 9.079779
 T=540.000000, -0.988469, 0.541810, 0.246383, 15.443488 , 23.745313 , 9.333740
 T=541.000000, -1.010639, 0.506035, 0.232293, 14.444920 , 24.271089 , 9.573812
 T=542.000000, -1.031307, 0.469503, 0.217857, 13.424856 , 24.760745 , 9.799637
 T=543.000000, -1.050441, 0.432271, 0.203095, 12.384810 , 25.213549 , 10.010876
 T=544.000000, -1.068013, 0.394393, 0.188030, 11.326332 , 25.628826 , 10.207216
 T=545.000000, -1.083995, 0.355929, 0.172685, 10.250995 , 26.005956 , 10.388363
 T=546.000000, -1.098363, 0.316935, 0.157084, 9.160401 , 26.344379 , 10.554048
 T=547.000000, -1.111096, 0.277471, 0.141249, 8.056172 , 26.643591 , 10.704024
 T=548.000000, -1.122175, 0.237596, 0.125205, 6.939953 , 26.903149 , 10.838069
 T=549.000000, -1.131582, 0.197372, 0.108977, 5.813406 , 27.122671 , 10.955986
 T=550.000000, -1.139305, 0.156859, 0.092588, 4.678209 , 27.301834 , 11.057600
 T=551.000000, -1.145332, 0.116119, 0.076064, 3.536052 , 27.440376 , 11.142762
 T=552.000000, -1.149654, 0.075212, 0.059429, 2.388634 , 27.538098 , 11.211348
 T=553.000000, -1.152266, 0.034202, 0.042709, 1.237663 , 27.594862 , 11.263259
 T=554.000000, -1.153163, -0.006850, 0.025930, 0.084852 , 27.610592 , 11.298421
 T=555.000000, -1.152347, -0.047881, 0.009116, -1.068085 , 27.585274 , 11.316787
 T=556.000000, -1.149818, -0.088831, -0.007707, -2.219435 , 27.518956 , 11.318332
 T=557.000000, -1.145582, -0.129637, -0.024514, -3.367487 , 27.411748 , 11.303060
 T=558.000000, -1.139645, -0.170237, -0.041279, -4.510537 , 27.263822 , 11.270997
 T=559.000000, -1.132019, -0.210571, -0.057976, -5.646890 , 27.075410 , 11.222198
 T=560.000000, -1.122715, -0.250577, -0.074582, -6.774860 , 26.846807 , 11.156741
 T=561.000000, -1.111749, -0.290197, -0.091071, -7.892776 , 26.578367 , 11.074728
 T=562.000000, -1.099139, -0.329371, -0.107418, -8.998986 , 26.270502 , 10.976287
 T=563.000000, -1.084905, -0.368039, -0.123600, -10.091853 , 25.923687 , 10.861573
 T=564.000000, -1.069070, -0.406145, -0.139590, -11.169764 , 25.538451 , 10.730761
 T=565.000000, -1.051659, -0.443633, -0.155367, -12.231128 , 25.115383 , 10.584052
 T=566.000000, -1.032699, -0.480445, -0.170906, -13.274381 , 24.655127 , 10.421672
 T=567.000000, -1.012221, -0.516528, -0.186185, -14.297989 , 24.158382 , 10.243868
 T=568.000000, -0.990257, -0.551829, -0.201180, -15.300448 , 23.625902 , 10.050911
 T=569.000000, -0.966840, -0.586296, -0.215870, -16.280286 , 23.058492 , 9.843095
 T=570.000000, -0.942009, -0.619877, -0.230233, -17.236067 , 22.457009 , 9.620734
 T=571.000000, -0.915800, -0.652525, -0.244248, -18.166394 , 21.822362 , 9.384164
 T=572.000000, -0.888255, -0.684191, -0.257895, -19.069907 , 21.155504 , 9.133744
 T=573.000000, -0.859417, -0.714829, -0.271153, -19.945290 , 20.457439 , 8.869850
 T=574.000000, -0.829329, -0.744396, -0.284004, -20.791268 , 19.729215 , 8.592879
 T=575.000000, -0.798038, -0.772848, -0.296429, -21.606613 , 18.971922 , 8.303248
 T=576.000000, -0.765591, -0.800145, -0.308409, -22.390144 , 18.186693 , 8.001391
 T=577.000000, -0.732039, -0.826248, -0.319929, -23.140726 , 17.374701 , 7.687759
 T=578.000000, -0.697432, -0.851119, -0.330971, -23.857277 , 16.537158 , 7.362822
 T=579.000000, -0.661823, -0.874724, -0.341519, -24.538766 , 15.675311 , 7.027063
 T=580.000000, -0.625266, -0.897030, -0.351559, -25.184214 , 14.790440 , 6.680984
 T=581.000000, -0.587814, -0.918004, -0.361077, -25.792698 , 13.883861 , 6.325098
 T=582.000000, -0.549526, -0.937619, -0.370059, -26.363349 , 12.956917 , 5.959935
 T=583.000000, -0.510458, -0.955847, -0.378492, -26.895357 , 12.010980 , 5.586035
 T=584.000000, -0.470669, -0.972663, -0.386366, -27.387967 , 11.047448 , 5.203953
 T=585.000000, -0.430217, -0.988044, -0.393670, -27.840484 , 10.067745 , 4.814252
 T=586.000000, -0.389163, -1.001970, -0.400392, -28.252275 , 9.073313 , 4.417509
 T=587.000000, -0.347568, -1.014423, -0.406525, -28.622762 , 8.065617 , 4.014308
 T=588.000000, -0.305494, -1.025386, -0.412061, -28.951434 , 7.046137 , 3.605242
 T=589.000000, -0.263001, -1.034845, -0.416991, -29.237838 , 6.016370 , 3.190913
 T=590.000000, -0.220153, -1.042789, -0.421310, -29.481584 , 4.977825 , 2.771928
 T=591.000000, -0.177012, -1.049207, -0.425012, -29.682345 , 3.932022 , 2.348901
 T=592.000000, -0.133641, -1.054093, -0.428092, -29.839856 , 2.880489 , 1.922452
 T=593.000000, -0.090104, -1.057442, -0.430547, -29.953916 , 1.824762 , 1.493203
 T=594.000000, -0.046463, -1.059250, -0.432375, -30.024387 , 0.766379 , 1.061781
 T=595.000000, -0.002783, -1.059517, -0.433573, -30.051195 , -0.293118 , 0.628815
 T=596.000000, 0.040875, -1.058245, -0.434140, -30.034327 , -1.352190 , 0.194935
 T=597.000000, 0.084447, -1.055437, -0.434076, -29.973835 , -2.409297 , -0.239228
 T=598.000000, 0.127869, -1.051099, -0.433383, -29.869834 , -3.462908 , -0.673044
 T=599.000000, 0.171081, -1.045239, -0.432061, -29.722499 , -4.511495 , -1.105883
 T=600.000000, 0.214020, -1.037867, -0.430114, -29.532070 , -5.553541 , -1.537119
 T=601.000000, 0.256625, -1.028997, -0.427545, -29.298847 , -6.587539 , -1.966128
 T=602.000000, 0.298835, -1.018641, -0.424358, -29.023193 , -7.611998 , -2.392290
 T=603.000000, 0.340590, -1.006817, -0.420559, -28.705528 , -8.625438 , -2.814988
 T=604.000000, 0.381831, -0.993542, -0.416154, -28.346335 , -9.626400 , -3.233615
 T=605.000000, 0.422499, -0.978839, -0.411149, -27.946154 , -10.613443 , -3.647566
 T=606.000000, 0.462537, -0.962728, -0.405553, -27.505584 , -11.585147 , -4.056245
 T=607.000000, 0.501888, -0.945234, -0.399373, -27.025280 , -12.540115 , -4.459064
 T=608.000000, 0.540497, -0.926383, -0.392620, -26.505955 , -13.476977 , -4.855446
 T=609.000000, 0.578309, -0.906204, -0.385303, -25.948374 , -14.394389 , -5.244819
 T=610.000000, 0.615272, -0.884727, -0.377434, -25.353359 , -15.291034 , -5.626627
 T=611.000000, 0.651334, -0.861982, -0.369023, -24.721783 , -16.165628 , -6.000320
 T=612.000000, 0.686443, -0.838003, -0.360084, -24.054569 , -17.016920 , -6.365364
 T=613.000000, 0.720552, -0.812825, -0.350629, -23.352692 , -17.843690 , -6.721235
 T=614.000000, 0.753611, -0.786484, -0.340672, -22.617175 , -18.644755 , -7.067424
 T=615.000000, 0.785575, -0.759019, -0.330228, -21.849088 , -19.418972 , -7.403436
 T=616.000000, 0.816400, -0.730470, -0.319311, -21.049546 , -20.165231 , -7.728789
 T=617.000000, 0.846041, -0.700876, -0.307937, -20.219708 , -20.882468 , -8.043018
 T=618.000000, 0.874459, -0.670281, -0.296123, -19.360776 , -21.569657 , -8.345675
 T=619.000000, 0.901613, -0.638728, -0.283886, -18.473992 , -22.225817 , -8.636326
 T=620.000000, 0.927465, -0.606263, -0.271243, -17.560637 , -22.850009 , -8.914555
 T=621.000000, 0.951979, -0.572931, -0.258211, -16.622029 , -23.441342 , -9.179964
 T=622.000000, 0.975121, -0.538780, -0.244810, -15.659522 , -23.998971 , -9.432175
 T=623.000000, 0.996859, -0.503859, -0.231059, -14.674502 , -24.522099 , -9.670825
 T=624.000000, 1.017162, -0.468216, -0.216977, -13.668387 , -25.009975 , -9.895574
 T=625.000000, 1.036001, -0.431903, -0.202584, -12.642626 , -25.461904 , -10.106099
 T=626.000000, 1.053351, -0.394970, -0.187901, -11.598694 , -25.877235 , -10.302099
 T=627.000000, 1.069187, -0.357470, -0.172947, -10.538091 , -26.255375 , -10.483292
 T=628.000000, 1.083486, -0.319455, -0.157745, -9.462342 , -26.595778 , -10.649417
 T=629.000000, 1.096228, -0.280981, -0.142315, -8.372993 , -26.897956 , -10.800237
 T=630.000000, 1.107395, -0.242100, -0.126680, -7.271609 , -27.161471 , -10.935532
 T=631.000000, 1.116972, -0.202867, -0.110861, -6.159772 , -27.385943 , -11.055108
 T=632.000000, 1.124943, -0.163338, -0.094882, -5.039080 , -27.571044 , -11.158791
 T=633.000000, 1.131299, -0.123570, -0.078763, -3.911143 , -27.716504 , -11.246430
 T=634.000000, 1.136028, -0.083617, -0.062529, -2.777582 , -27.822108 , -11.317897
 T=635.000000, 1.139124, -0.043536, -0.046202, -1.640026 , -27.887696 , -11.373085
 T=636.000000, 1.140582, -0.003384, -0.029805, -0.500111 , -27.913168 , -11.411913
 T=637.000000, 1.140399, 0.036781, -0.013361, 0.640524 , -27.898476 , -11.434322
 T=638.000000, 1.138574, 0.076905, 0.003106, 1.780237 , -27.843634 , -11.440274
 T=639.000000, 1.135109, 0.116928, 0.019573, 2.917387 , -27.748708 , -11.429756
 T=640.000000, 1.130009, 0.156796, 0.036017, 4.050336 , -27.613824 , -11.402780
 T=641.000000, 1.123279, 0.196450, 0.052415, 5.177450 , -27.439164 , -11.359379
 T=642.000000, 1.114927, 0.235835, 0.068743, 6.297105 , -27.224966 , -11.299610
 T=643.000000, 1.104966, 0.274895, 0.084977, 7.407682 , -26.971524 , -11.223553
 T=644.000000, 1.093406, 0.313573, 0.101096, 8.507577 , -26.679191 , -11.131312
 T=645.000000, 1.080265, 0.351815, 0.117075, 9.595199 , -26.348370 , -11.023013
 T=646.000000, 1.065558, 0.389565, 0.132892, 10.668974 , -25.979525 , -10.898806
 T=647.000000, 1.049306, 0.426769, 0.148524, 11.727345 , -25.573171 , -10.758864
 T=648.000000, 1.031530, 0.463375, 0.163949, 12.768776 , -25.129878 , -10.603381
 T=649.000000, 1.012254, 0.499328, 0.179144, 13.791754 , -24.650268 , -10.432575
 T=650.000000, 0.991505, 0.534577, 0.194088, 14.794792 , -24.135019 , -10.246685
 T=651.000000, 0.969310, 0.569070, 0.208758, 15.776427 , -23.584855 , -10.045972
 T=652.000000, 0.945701, 0.602758, 0.223135, 16.735229 , -23.000557 , -9.830719
 T=653.000000, 0.920708, 0.635592, 0.237195, 17.669796 , -22.382951 , -9.601230
 T=654.000000, 0.894367, 0.667523, 0.250921, 18.578760 , -21.732914 , -9.357830
 T=655.000000, 0.866714, 0.698504, 0.264290, 19.460790 , -21.051370 , -9.100863
 T=656.000000, 0.837786, 0.728489, 0.277283, 20.314590 , -20.339289 , -8.830695
 T=657.000000, 0.807625, 0.757435, 0.289882, 21.138904 , -19.597686 , -8.547709
 T=658.000000, 0.776273, 0.785299, 0.302067, 21.932517 , -18.827621 , -8.252309
 T=659.000000, 0.743772, 0.812037, 0.313820, 22.694257 , -18.030196 , -7.944917
 T=660.000000, 0.710169, 0.837612, 0.325125, 23.422997 , -17.206552 , -7.625972