
 T=0.000000, -1.964869, -0.815356, -0.252217, -3.743403 , 7.568504 , 3.287166
 T=0.250000, -1.911766, -0.914014, -0.295252, -4.228774 , 7.353499 , 3.219248
 T=0.500000, -1.852590, -1.009241, -0.337130, -4.700181 , 7.114208 , 3.140698
 T=0.750000, -1.787622, -1.100705, -0.377704, -5.156136 , 6.851527 , 3.051823
 T=1.000000, -1.717163, -1.188101, -0.416834, -5.595225 , 6.566432 , 2.952963
 T=1.250000, -1.641535, -1.271147, -0.454390, -6.016111 , 6.259971 , 2.844496
 T=1.500000, -1.561078, -1.349589, -0.490252, -6.417539 , 5.933263 , 2.726828
 T=1.750000, -1.476145, -1.423199, -0.524310, -6.798342 , 5.587482 , 2.600395
 T=2.000000, -1.387102, -1.491776, -0.556467, -7.157442 , 5.223862 , 2.465660
 T=2.250000, -1.294322, -1.555147, -0.586634, -7.493853 , 4.843680 , 2.323108
 T=2.500000, -1.198187, -1.613167, -0.614736, -7.806684 , 4.448254 , 2.173244
 T=2.750000, -1.099080, -1.665718, -0.640706, -8.095138 , 4.038937 , 2.016594
 T=3.000000, -0.997386, -1.712705, -0.664490, -8.358517 , 3.617106 , 1.853697
 T=3.250000, -0.893489, -1.754064, -0.686044, -8.596216 , 3.184160 , 1.685103
 T=3.500000, -0.787769, -1.789752, -0.705334, -8.807729 , 2.741512 , 1.511375
 T=3.750000, -0.680602, -1.819749, -0.722335, -8.992641 , 2.290581 , 1.333081
 T=4.000000, -0.572356, -1.844060, -0.737035, -9.150632 , 1.832792 , 1.150796
 T=4.250000, -0.463391, -1.862709, -0.749427, -9.281474 , 1.369563 , 0.965096
 T=4.500000, -0.354056, -1.875739, -0.759514, -9.385025 , 0.902304 , 0.776557
 T=4.750000, -0.244691, -1.883213, -0.767307, -9.461233 , 0.432415 , 0.585754
 T=5.000000, -0.135623, -1.885209, -0.772825, -9.510126 , -0.038725 , 0.393260
 T=5.250000, -0.027166, -1.881822, -0.776093, -9.531814 , -0.509757 , 0.199640
 T=5.500000, 0.080377, -1.873158, -0.777143, -9.526486 , -0.979345 , 0.005453
 T=5.750000, 0.186720, -1.859338, -0.776011, -9.494400 , -1.446185 , -0.188750
 T=6.000000, 0.291589, -1.840493, -0.772740, -9.435889 , -1.909001 , -0.382428
 T=6.250000, 0.394722, -1.816764, -0.767377, -9.351351 , -2.366554 , -0.575052
 T=6.500000, 0.495876, -1.788300, -0.759974, -9.241247 , -2.817639 , -0.766105
 T=6.750000, 0.594817, -1.755260, -0.750585, -9.106100 , -3.261090 , -0.955083
 T=7.000000, 0.691328, -1.717806, -0.739268, -8.946485 , -3.695780 , -1.141495
 T=7.250000, 0.785204, -1.676108, -0.726085, -8.763036 , -4.120627 , -1.324867
 T=7.500000, 0.876254, -1.630338, -0.711099, -8.556432 , -4.534587 , -1.504739
 T=7.750000, 0.964299, -1.580674, -0.694375, -8.327399 , -4.936662 , -1.680667
 T=8.000000, 1.049174, -1.527297, -0.675980, -8.076709 , -5.325901 , -1.852225
 T=8.250000, 1.130724, -1.470388, -0.655984, -7.805171 , -5.701394 , -2.019003
 T=8.500000, 1.208806, -1.410131, -0.634456, -7.513633 , -6.062279 , -2.180608
 T=8.750000, 1.283290, -1.346712, -0.611467, -7.202976 , -6.407740 , -2.336665
 T=9.000000, 1.354054, -1.280318, -0.587089, -6.874115 , -6.737008 , -2.486817
 T=9.250000, 1.420989, -1.211133, -0.561393, -6.527991 , -7.049360 , -2.630725
 T=9.500000, 1.483992, -1.139345, -0.534453, -6.165574 , -7.344119 , -2.768067
 T=9.750000, 1.542972, -1.065139, -0.506342, -5.787857 , -7.620655 , -2.898542
 T=10.000000, 1.597845, -0.988701, -0.477131, -5.395855 , -7.878385 , -3.021863
 T=10.250000, 1.648537, -0.910216, -0.446896, -4.990604 , -8.116771 , -3.137764
 T=10.500000, 1.694981, -0.829868, -0.415707, -4.573157 , -8.335322 , -3.245999
 T=10.750000, 1.737117, -0.747839, -0.383640, -4.144582 , -8.533593 , -3.346335
 T=11.000000, 1.774891, -0.664313, -0.350766, -3.705963 , -8.711185 , -3.438563
 T=11.250000, 1.808260, -0.579470, -0.317159, -3.258395 , -8.867744 , -3.522488
 T=11.500000, 1.837182, -0.493491, -0.282891, -2.802984 , -9.002961 , -3.597935
 T=11.750000, 1.861626, -0.406555, -0.248035, -2.340846 , -9.116571 , -3.664748
 T=12.000000, 1.881563, -0.318841, -0.212664, -1.873103 , -9.208356 , -3.722787
 T=12.250000, 1.896973, -0.230526, -0.176849, -1.400885 , -9.278142 , -3.771933
 T=12.500000, 1.907840, -0.141787, -0.140665, -0.925325 , -9.325797 , -3.812081
 T=12.750000, 1.914153, -0.052802, -0.104182, -0.447561 , -9.351236 , -3.843148
 T=13.000000, 1.915907, 0.036256, -0.067474, 0.031268 , -9.354417 , -3.865068
 T=13.250000, 1.913103, 0.125209, -0.030612, 0.510024 , -9.335342 , -3.877792
 T=13.500000, 1.905745, 0.213882, 0.006330, 0.987565 , -9.294057 , -3.881290
 T=13.750000, 1.893846, 0.302101, 0.043280, 1.462756 , -9.230650 , -3.875550
 T=14.000000, 1.877420, 0.389691, 0.080165, 1.934463 , -9.145256 , -3.860578
 T=14.250000, 1.856489, 0.476476, 0.116911, 2.401556 , -9.038052 , -3.836399
 T=14.500000, 1.831080, 0.562281, 0.153445, 2.862912 , -8.909258 , -3.803057
 T=14.750000, 1.801226, 0.646931, 0.189693, 3.317414 , -8.759139 , -3.760611
 T=15.000000, 1.766965, 0.730249, 0.225581, 3.763957 , -8.588004 , -3.709142
 T=15.250000, 1.728340, 0.812061, 0.261035, 4.201442 , -8.396205 , -3.648748
 T=15.500000, 1.685404, 0.892189, 0.295978, 4.628786 , -8.184139 , -3.579547
 T=15.750000, 1.638212, 0.970455, 0.330336, 5.044914 , -7.952246 , -3.501675
 T=16.000000, 1.586828, 1.046684, 0.364032, 5.448772 , -7.701013 , -3.415285
 T=16.250000, 1.531324, 1.120697, 0.396991, 5.839319 , -7.430968 , -3.320553
 T=16.500000, 1.471778, 1.192316, 0.429135, 6.215534 , -7.142685 , -3.217672
 T=16.750000, 1.408276, 1.261363, 0.460387, 6.576415 , -6.836784 , -3.106853
 T=17.000000, 1.340914, 1.327660, 0.490669, 6.920985 , -6.513926 , -2.988329
 T=17.250000, 1.269794, 1.391029, 0.519903, 7.248288 , -6.174820 , -2.862350
 T=17.500000, 1.195028, 1.451293, 0.548012, 7.557400 , -5.820217 , -2.729188
 T=17.750000, 1.116741, 1.508275, 0.574916, 7.847421 , -5.450914 , -2.589133
 T=18.000000, 1.035062, 1.561800, 0.600539, 8.117486 , -5.067750 , -2.442494
 T=18.250000, 0.950136, 1.611694, 0.624802, 8.366762 , -4.671610 , -2.289601
 T=18.500000, 0.862115, 1.657786, 0.647627, 8.594456 , -4.263421 , -2.130802
 T=18.750000, 0.771166, 1.699905, 0.668938, 8.799812 , -3.844153 , -1.966466
 T=19.000000, 0.677464, 1.737888, 0.688659, 8.982117 , -3.414816 , -1.796979
 T=19.250000, 0.581200, 1.771571, 0.706714, 9.140704 , -2.976465 , -1.622748
 T=19.500000, 0.482575, 1.800798, 0.723030, 9.274955 , -2.530191 , -1.444198
 T=19.750000, 0.381804, 1.825417, 0.737535, 9.384304 , -2.077125 , -1.261771
 T=20.000000, 0.279114, 1.845285, 0.750160, 9.468240 , -1.618436 , -1.075927
 T=20.250000, 0.174748, 1.860262, 0.760838, 9.526309 , -1.155328 , -0.887145
 T=20.500000, 0.068959, 1.870222, 0.769504, 9.558121 , -0.689037 , -0.695918
 T=20.750000, -0.037984, 1.875045, 0.776098, 9.563351 , -0.220832 , -0.502757
 T=21.000000, -0.145799, 1.874623, 0.780563, 9.541741 , 0.247991 , -0.308186
 T=21.250000, -0.254192, 1.868861, 0.782848, 9.493106 , 0.716110 , -0.112743
 T=21.500000, -0.362855, 1.857677, 0.782905, 9.417335 , 1.182180 , 0.083022
 T=21.750000, -0.471469, 1.841003, 0.780692, 9.314398 , 1.644837 , 0.278547
 T=22.000000, -0.579702, 1.818789, 0.776174, 9.184343 , 2.102703 , 0.473259
 T=22.250000, -0.687211, 1.791002, 0.769324, 9.027304 , 2.554390 , 0.666580
 T=22.500000, -0.793646, 1.757627, 0.760119, 8.843502 , 2.998501 , 0.857924
 T=22.750000, -0.898645, 1.718671, 0.748547, 8.633245 , 3.433640 , 1.046701
 T=23.000000, -1.001840, 1.674160, 0.734603, 8.396933 , 3.858414 , 1.232318
 T=23.250000, -1.102859, 1.624147, 0.718293, 8.135059 , 4.271441 , 1.414183
 T=23.500000, -1.201325, 1.568704, 0.699630, 7.848211 , 4.671351 , 1.591705
 T=23.750000, -1.296859, 1.507930, 0.678640, 7.537068 , 5.056799 , 1.764299
 T=24.000000, -1.389082, 1.441952, 0.655357, 7.202406 , 5.426465 , 1.931386
 T=24.250000, -1.477620, 1.370919, 0.629828, 6.845095 , 5.779064 , 2.092399
 T=24.500000, -1.562101, 1.295008, 0.602109, 6.466098 , 6.113352 , 2.246782
 T=24.750000, -1.642165, 1.214425, 0.572271, 6.066471 , 6.428133 , 2.393996
 T=25.000000, -1.717458, 1.129400, 0.540393, 5.647357 , 6.722263 , 2.533518
 T=25.250000, -1.787642, 1.040190, 0.506566, 5.209988 , 6.994660 , 2.664850
 T=25.500000, -1.852396, 0.947078, 0.470894, 4.755678 , 7.244310 , 2.787515
 T=25.750000, -1.911415, 0.850371, 0.433490, 4.285818 , 7.470271 , 2.901065
 T=26.000000, -1.964419, 0.750401, 0.394480, 3.801874 , 7.671680 , 3.005081
 T=26.250000, -2.011149, 0.647521, 0.353997, 3.305381 , 7.847763 , 3.099176
 T=26.500000, -2.051376, 0.542103, 0.312187, 2.797931 , 7.997832 , 3.182997
 T=26.750000, -2.084897, 0.434538, 0.269201, 2.281176 , 8.121297 , 3.256231
 T=27.000000, -2.111543, 0.325232, 0.225200, 1.756811 , 8.217666 , 3.318600
 T=27.250000, -2.131176, 0.214604, 0.180352, 1.226571 , 8.286551 , 3.369870
 T=27.500000, -2.143693, 0.103084, 0.134828, 0.692221 , 8.327670 , 3.409849
 T=27.750000, -2.149027, -0.008894, 0.088807, 0.155549 , 8.340849 , 3.438387
 T=28.000000, -2.147147, -0.120888, 0.042468, -0.381645 , 8.326022 , 3.455380
 T=28.250000, -2.138058, -0.232458, -0.004006, -0.917558 , 8.283235 , 3.460770
 T=28.500000, -2.121802, -0.343166, -0.050432, -1.450391 , 8.212643 , 3.454543
 T=28.750000, -2.098458, -0.452579, -0.096628, -1.978360 , 8.114512 , 3.436731
 T=29.000000, -2.068140, -0.560273, -0.142414, -2.499706 , 7.989212 , 3.407413
 T=29.250000, -2.030996, -0.665835, -0.187614, -3.012702 , 7.837219 , 3.366711
 T=29.500000, -1.987208, -0.768868, -0.232054, -3.515659 , 7.659113 , 3.314790
 T=29.750000, -1.936986, -0.868990, -0.275570, -4.006942 , 7.455569 , 3.251860
 T=30.000000, -1.880573, -0.965839, -0.317999, -4.484967 , 7.227355 , 3.178171
 T=30.250000, -1.818236, -1.059075, -0.359192, -4.948217 , 6.975328 , 3.094010
 T=30.500000, -1.750267, -1.148380, -0.399003, -5.395242 , 6.700428 , 2.999703
 T=30.750000, -1.676978, -1.233462, -0.437299, -5.824670 , 6.403672 , 2.895611
 T=31.000000, -1.598702, -1.314053, -0.473955, -6.235208 , 6.086144 , 2.782128
 T=31.250000, -1.515785, -1.389914, -0.508857, -6.625648 , 5.748997 , 2.659675
 T=31.500000, -1.428589, -1.460831, -0.541900, -6.994869 , 5.393436 , 2.528704
 T=31.750000, -1.337483, -1.526619, -0.572994, -7.341843 , 5.020720 , 2.389690
 T=32.000000, -1.242846, -1.587120, -0.602055, -7.665636 , 4.632148 , 2.243130
 T=32.250000, -1.145059, -1.642201, -0.629014, -7.965408 , 4.229058 , 2.089539
 T=32.500000, -1.044509, -1.691760, -0.653811, -8.240414 , 3.812818 , 1.929451
 T=32.750000, -0.941580, -1.735717, -0.676396, -8.490007 , 3.384817 , 1.763411
 T=33.000000, -0.836653, -1.774020, -0.696732, -8.713634 , 2.946461 , 1.591977
 T=33.250000, -0.730106, -1.806638, -0.714790, -8.910841 , 2.499169 , 1.415716
 T=33.500000, -0.622312, -1.833566, -0.730551, -9.081262 , 2.044363 , 1.235198
 T=33.750000, -0.513635, -1.854818, -0.744005, -9.224629 , 1.583464 , 1.050999
 T=34.000000, -0.404428, -1.870428, -0.755153, -9.340759 , 1.117887 , 0.863696
 T=34.250000, -0.295036, -1.880452, -0.764000, -9.429560 , 0.649038 , 0.673865
 T=34.500000, -0.185792, -1.884960, -0.770563, -9.491022 , 0.178305 , 0.482080
 T=34.750000, -0.077016, -1.884039, -0.774864, -9.525220 , -0.292943 , 0.288909
 T=35.000000, 0.030984, -1.877791, -0.776931, -9.532305 , -0.763358 , 0.094914
 T=35.250000, 0.137914, -1.866330, -0.776798, -9.512505 , -1.231623 , -0.099348
 T=35.500000, 0.243494, -1.849782, -0.774507, -9.466118 , -1.696447 , -0.293334
 T=35.750000, 0.347458, -1.828284, -0.770102, -9.393512 , -2.156575 , -0.486509
 T=36.000000, 0.449552, -1.801982, -0.763632, -9.295121 , -2.610784 , -0.678348
 T=36.250000, 0.549540, -1.771030, -0.755150, -9.171439 , -3.057892 , -0.868343
 T=36.500000, 0.647196, -1.735588, -0.744714, -9.023017 , -3.496753 , -1.055996
 T=36.750000, 0.742310, -1.695823, -0.732382, -8.850463 , -3.926264 , -1.240826
 T=37.000000, 0.834684, -1.651907, -0.718219, -8.654435 , -4.345363 , -1.422365
 T=37.250000, 0.924134, -1.604015, -0.702287, -8.435639 , -4.753032 , -1.600163
 T=37.500000, 1.010488, -1.552325, -0.684653, -8.194826 , -5.148297 , -1.773785
 T=37.750000, 1.093587, -1.497020, -0.665386, -7.932786 , -5.530229 , -1.942814
 T=38.000000, 1.173283, -1.438283, -0.644555, -7.650352 , -5.897945 , -2.106849
 T=38.250000, 1.249439, -1.376298, -0.622230, -7.348390 , -6.250608 , -2.265506
 T=38.500000, 1.321931, -1.311251, -0.598483, -7.027798 , -6.587426 , -2.418420
 T=38.750000, 1.390642, -1.243328, -0.573385, -6.689506 , -6.907655 , -2.565245
 T=39.000000, 1.455468, -1.172716, -0.547009, -6.334471 , -7.210596 , -2.705649
 T=39.250000, 1.516311, -1.099601, -0.519429, -5.963676 , -7.495600 , -2.839323
 T=39.500000, 1.573086, -1.024168, -0.490715, -5.578127 , -7.762060 , -2.965972
 T=39.750000, 1.625712, -0.946604, -0.460943, -5.178848 , -8.009418 , -3.085323
 T=40.000000, 1.674121, -0.867091, -0.430184, -4.766887 , -8.237162 , -3.197118
 T=40.250000, 1.718247, -0.785814, -0.398513, -4.343303 , -8.444825 , -3.301119
 T=40.500000, 1.758037, -0.702955, -0.366001, -3.909175 , -8.631988 , -3.397106
 T=40.750000, 1.793440, -0.618697, -0.332723, -3.465592 , -8.798275 , -3.484878
 T=41.000000, 1.824415, -0.533219, -0.298750, -3.013656 , -8.943356 , -3.564250
 T=41.250000, 1.850925, -0.446701, -0.264156, -2.554477 , -9.066947 , -3.635058
 T=41.500000, 1.872941, -0.359324, -0.229014, -2.089176 , -9.168808 , -3.697154
 T=41.750000, 1.890439, -0.271263, -0.193394, -1.618879 , -9.248745 , -3.750409
 T=42.000000, 1.903400, -0.182698, -0.157371, -1.144718 , -9.306605 , -3.794713
 T=42.250000, 1.911811, -0.093804, -0.121017, -0.667828 , -9.342284 , -3.829972
 T=42.500000, 1.915665, -0.004758, -0.084403, -0.189347 , -9.355719 , -3.856112
 T=42.750000, 1.914960, 0.084264, -0.047603, 0.289584 , -9.346891 , -3.873076
 T=43.000000, 1.909699, 0.173088, -0.010689, 0.767826 , -9.315827 , -3.880825
 T=43.250000, 1.899890, 0.261539, 0.026266, 1.244241 , -9.262594 , -3.879340
 T=43.500000, 1.885547, 0.349440, 0.063190, 1.717693 , -9.187308 , -3.868618
 T=43.750000, 1.866688, 0.436617, 0.100009, 2.187051 , -9.090123 , -3.848676
 T=44.000000, 1.843338, 0.522896, 0.136650, 2.651188 , -8.971242 , -3.819547
 T=44.250000, 1.815527, 0.608100, 0.173039, 3.108986 , -8.830909 , -3.781285
 T=44.500000, 1.783290, 0.692054, 0.209102, 3.559332 , -8.669412 , -3.733961
 T=44.750000, 1.746670, 0.774581, 0.244765, 4.001124 , -8.487083 , -3.677664
 T=45.000000, 1.705713, 0.855507, 0.279953, 4.433273 , -8.284299 , -3.612503
 T=45.250000, 1.660473, 0.934653, 0.314590, 4.854699 , -8.061479 , -3.538606
 T=45.500000, 1.611011, 1.011842, 0.348601, 5.264340 , -7.819090 , -3.456119
 T=45.750000, 1.557396, 1.086898, 0.381909, 5.661146 , -7.557640 , -3.365206
 T=46.000000, 1.499701, 1.159642, 0.414438, 6.044087 , -7.277682 , -3.266053
 T=46.250000, 1.438010, 1.229896, 0.446110, 6.412154 , -6.979815 , -3.158862
 T=46.500000, 1.372413, 1.297482, 0.476849, 6.764356 , -6.664681 , -3.043856
 T=46.750000, 1.303010, 1.362222, 0.506575, 7.099729 , -6.332966 , -2.921278
 T=47.000000, 1.229909, 1.423939, 0.535212, 7.417333 , -5.985403 , -2.791389
 T=47.250000, 1.153227, 1.482454, 0.562681, 7.716256 , -5.622768 , -2.654471
 T=47.500000, 1.073093, 1.537593, 0.588904, 7.995617 , -5.245880 , -2.510824
 T=47.750000, 0.989644, 1.589182, 0.613803, 8.254570 , -4.855603 , -2.360769
 T=48.000000, 0.903028, 1.637046, 0.637300, 8.492300 , -4.452844 , -2.204645
 T=48.250000, 0.813406, 1.681016, 0.659318, 8.708035 , -4.038554 , -2.042811
 T=48.500000, 0.720949, 1.720924, 0.679781, 8.901042 , -3.613725 , -1.875647
 T=48.750000, 0.625840, 1.756607, 0.698612, 9.070632 , -3.179391 , -1.703549
 T=49.000000, 0.528276, 1.787906, 0.715738, 9.216164 , -2.736626 , -1.526933
 T=49.250000, 0.428465, 1.814666, 0.731086, 9.337049 , -2.286544 , -1.346235
 T=49.500000, 0.326629, 1.836739, 0.744586, 9.432748 , -1.830296 , -1.161906
 T=49.750000, 0.223004, 1.853985, 0.756168, 9.502782 , -1.369070 , -0.974416
 T=50.000000, 0.117837, 1.866272, 0.765769, 9.546731 , -0.904088 , -0.784252
 T=50.250000, 0.011391, 1.873474, 0.773324, 9.564238 , -0.436604 , -0.591917
 T=50.500000, -0.096059, 1.875480, 0.778777, 9.555016 , 0.032099 , -0.397929
 T=50.750000, -0.204224, 1.872188, 0.782072, 9.518844 , 0.500709 , -0.202819
 T=51.000000, -0.312802, 1.863510, 0.783160, 9.455578 , 0.967892 , -0.007133
 T=51.250000, -0.421480, 1.849372, 0.781997, 9.365150 , 1.432292 , 0.188573
 T=51.500000, -0.529931, 1.829714, 0.778545, 9.247571 , 1.892538 , 0.383732
 T=51.750000, -0.637817, 1.804496, 0.772772, 9.102936 , 2.347244 , 0.577767
 T=52.000000, -0.744791, 1.773695, 0.764653, 8.931425 , 2.795018 , 0.770095
 T=52.250000, -0.850497, 1.737306, 0.754172, 8.733306 , 3.234464 , 0.960128
 T=52.500000, -0.954569, 1.695348, 0.741320, 8.508936 , 3.664184 , 1.147274
 T=52.750000, -1.056638, 1.647861, 0.726099, 8.258766 , 4.082793 , 1.330941
 T=53.000000, -1.156326, 1.594907, 0.708517, 7.983338 , 4.488912 , 1.510536
 T=53.250000, -1.253258, 1.536574, 0.688594, 7.683291 , 4.881186 , 1.685472
 T=53.500000, -1.347053, 1.472975, 0.666362, 7.359356 , 5.258282 , 1.855166
 T=53.750000, -1.437334, 1.404248, 0.641860, 7.012360 , 5.618898 , 2.019047
 T=54.000000, -1.523729, 1.330559, 0.615142, 6.643223 , 5.961771 , 2.176551
 T=54.250000, -1.605872, 1.252100, 0.586271, 6.252958 , 6.285680 , 2.327132
 T=54.500000, -1.683404, 1.169090, 0.555321, 5.842669 , 6.589458 , 2.470260
 T=54.750000, -1.755982, 1.081773, 0.522379, 5.413548 , 6.871993 , 2.605424
 T=55.000000, -1.823276, 0.990420, 0.487543, 4.966869 , 7.132240 , 2.732138
 T=55.250000, -1.884972, 0.895329, 0.450921, 4.503991 , 7.369221 , 2.849939
 T=55.500000, -1.940779, 0.796819, 0.412635, 4.026345 , 7.582038 , 2.958395
 T=55.750000, -1.990428, 0.695233, 0.372813, 3.535436 , 7.769874 , 3.057104
 T=56.000000, -2.033676, 0.590936, 0.331595, 3.032829 , 7.932001 , 3.145698
 T=56.250000, -2.070308, 0.484309, 0.289131, 2.520150 , 8.067783 , 3.223843
 T=56.500000, -2.100138, 0.375754, 0.245577, 1.999075 , 8.176684 , 3.291247
 T=56.750000, -2.123015, 0.265682, 0.201097, 1.471322 , 8.258266 , 3.347655
 T=57.000000, -2.138819, 0.154518, 0.155863, 0.938644 , 8.312198 , 3.392854
 T=57.250000, -2.147467, 0.042697, 0.110049, 0.402818 , 8.338257 , 3.426676
 T=57.500000, -2.148909, -0.069345, 0.063833, -0.134360 , 8.336326 , 3.448995
 T=57.750000, -2.143136, -0.181165, 0.017399, -0.671086 , 8.306401 , 3.459732
 T=58.000000, -2.130173, -0.292324, -0.029072, -1.205560 , 8.248587 , 3.458853
 T=58.250000, -2.110080, -0.402386, -0.075396, -1.735989 , 8.163097 , 3.446369
 T=58.500000, -2.082957, -0.510924, -0.121393, -2.260601 , 8.050254 , 3.422336
 T=58.750000, -2.048935, -0.617518, -0.166885, -2.777654 , 7.910487 , 3.386858
 T=59.000000, -2.008182, -0.721763, -0.211696, -3.285440 , 7.744327 , 3.340080
 T=59.250000, -1.960894, -0.823271, -0.255657, -3.782298 , 7.552406 , 3.282191
 T=59.500000, -1.907300, -0.921671, -0.298606, -4.266620 , 7.335451 , 3.213422
 T=59.750000, -1.847656, -1.016611, -0.340387, -4.736857 , 7.094277 , 3.134045
 T=60.000000, -1.782243, -1.107763, -0.380851, -5.191528 , 6.829789 , 3.044367
 T=60.250000, -1.711363, -1.194824, -0.419861, -5.629224 , 6.542966 , 2.944734
 T=60.500000, -1.635341, -1.277515, -0.457286, -6.048615 , 6.234865 , 2.835525
 T=60.750000, -1.554518, -1.355582, -0.493009, -6.448453 , 5.906606 , 2.717148
 T=61.000000, -1.469247, -1.428800, -0.526920, -6.827578 , 5.559371 , 2.590043
 T=61.250000, -1.379895, -1.496970, -0.558923, -7.184917 , 5.194396 , 2.454672
 T=61.500000, -1.286836, -1.559923, -0.588929, -7.519495 , 4.812962 , 2.311524
 T=61.750000, -1.190453, -1.617514, -0.616864, -7.830425 , 4.416390 , 2.161105
 T=62.000000, -1.091128, -1.669627, -0.642663, -8.116921 , 4.006035 , 2.003942
 T=62.250000, -0.989247, -1.716171, -0.666272, -8.378290 , 3.583277 , 1.840575
 T=62.500000, -0.885193, -1.757083, -0.687648, -8.613936 , 3.149515 , 1.671556
 T=62.750000, -0.779346, -1.792321, -0.706757, -8.823360 , 2.706162 , 1.497447
 T=63.000000, -0.672081, -1.821868, -0.723577, -9.006155 , 2.254641 , 1.318818
 T=63.250000, -0.563766, -1.845730, -0.738094, -9.162007 , 1.796372 , 1.136243
 T=63.500000, -0.454760, -1.863933, -0.750304, -9.290696 , 1.332776 , 0.950298
 T=63.750000, -0.345412, -1.876521, -0.760209, -9.392088 , 0.865261 , 0.761561
 T=64.000000, -0.236060, -1.883559, -0.767822, -9.466136 , 0.395225 , 0.570605
 T=64.250000, -0.127030, -1.885127, -0.773161, -9.512875 , -0.075953 , 0.378002
 T=64.500000, -0.018636, -1.881318, -0.776252, -9.532422 , -0.546916 , 0.184318
 T=64.750000, 0.088822, -1.872243, -0.777128, -9.524970 , -1.016332 , -0.009889
 T=65.000000, 0.195057, -1.858021, -0.775826, -9.490785 , -1.482898 , -0.204069
 T=65.250000, 0.299797, -1.838785, -0.772388, -9.430204 , -1.945341 , -0.397682
 T=65.500000, 0.402782, -1.814677, -0.766862, -9.343630 , -2.402424 , -0.590200
 T=65.750000, 0.503768, -1.785847, -0.759300, -9.231530 , -2.852946 , -0.781106
 T=66.000000, 0.602524, -1.752453, -0.749757, -9.094430 , -3.295743 , -0.969898
 T=66.250000, 0.698834, -1.714658, -0.738291, -8.932911 , -3.729693 , -1.156087
 T=66.500000, 0.792493, -1.672633, -0.724963, -8.747609 , -4.153716 , -1.339198
 T=66.750000, 0.883311, -1.626550, -0.709838, -8.539209 , -4.566771 , -1.518773
 T=67.000000, 0.971111, -1.576587, -0.692979, -8.308439 , -4.967866 , -1.694371
 T=67.250000, 1.055728, -1.522925, -0.674456, -8.056075 , -5.356050 , -1.865566
 T=67.500000, 1.137009, -1.465745, -0.654337, -7.782928 , -5.730419 , -2.031949
 T=67.750000, 1.214811, -1.405233, -0.632691, -7.489850 , -6.090115 , -2.193129
 T=68.000000, 1.289006, -1.341574, -0.609590, -7.177725 , -6.434324 , -2.348732
 T=68.250000, 1.359471, -1.274953, -0.585106, -6.847468 , -6.762282 , -2.498403
 T=68.500000, 1.426099, -1.205556, -0.559310, -6.500024 , -7.073269 , -2.641803
 T=68.750000, 1.488788, -1.133571, -0.532275, -6.136365 , -7.366611 , -2.778614
 T=69.000000, 1.547446, -1.059183, -0.504074, -5.757485 , -7.641683 , -2.908534
 T=69.250000, 1.601993, -0.982578, -0.474781, -5.364401 , -7.897904 , -3.031279
 T=69.500000, 1.652352, -0.903940, -0.444467, -4.958151 , -8.134742 , -3.146584
 T=69.750000, 1.698458, -0.823453, -0.413207, -4.539787 , -8.351708 , -3.254203
 T=70.000000, 1.740251, -0.741300, -0.381074, -4.110382 , -8.548362 , -3.353907
 T=70.250000, 1.777681, -0.657664, -0.348140, -3.671017 , -8.724307 , -3.445486
 T=70.500000, 1.810700, -0.572726, -0.314478, -3.222791 , -8.879192 , -3.528748
 T=70.750000, 1.839270, -0.486665, -0.280161, -2.766810 , -9.012713 , -3.603520
 T=71.000000, 1.863360, -0.399662, -0.245262, -2.304190 , -9.124609 , -3.669645
 T=71.250000, 1.882941, -0.311894, -0.209854, -1.836054 , -9.214664 , -3.726987
 T=71.500000, 1.897994, -0.223539, -0.174008, -1.363531 , -9.282708 , -3.775426
 T=71.750000, 1.908502, -0.134775, -0.137797, -0.887757 , -9.328614 , -3.814861
 T=72.000000, 1.914456, -0.045777, -0.101294, -0.409867 , -9.352298 , -3.845209
 T=72.250000, 1.915851, 0.043278, -0.064571, 0.068998 , -9.353723 , -3.866405
 T=72.500000, 1.912688, 0.132215, -0.027700, 0.547699 , -9.332894 , -3.878402
 T=72.750000, 1.904972, 0.220860, 0.009245, 1.025096 , -9.289860 , -3.881171
 T=73.000000, 1.892715, 0.309036, 0.046193, 1.500054 , -9.224713 , -3.874703
 T=73.250000, 1.875934, 0.396568, 0.083069, 1.971438 , -9.137592 , -3.859004
 T=73.500000, 1.854649, 0.483283, 0.119801, 2.438119 , -9.028676 , -3.834100
 T=73.750000, 1.828889, 0.569003, 0.156316, 2.898976 , -8.898189 , -3.800037
 T=74.000000, 1.798686, 0.653555, 0.192539, 3.352891 , -8.746401 , -3.756876
 T=74.250000, 1.764079, 0.736762, 0.228395, 3.798760 , -8.573622 , -3.704699
 T=74.500000, 1.725113, 0.818447, 0.263811, 4.235485 , -8.380208 , -3.643606
 T=74.750000, 1.681839, 0.898435, 0.298711, 4.661984 , -8.166561 , -3.573716
 T=75.000000, 1.634314, 0.976548, 0.333020, 5.077184 , -7.933124 , -3.495165
 T=75.250000, 1.582602, 1.052609, 0.366662, 5.480030 , -7.680386 , -3.408111
 T=75.500000, 1.526777, 1.126440, 0.399559, 5.869485 , -7.408880 , -3.312728
 T=75.750000, 1.466915, 1.197863, 0.431635, 6.244527 , -7.119184 , -3.209212
 T=76.000000, 1.403105, 1.266700, 0.462814, 6.604157 , -6.811918 , -3.097777
 T=76.250000, 1.335442, 1.332774, 0.493016, 6.947400 , -6.487751 , -2.978654
 T=76.500000, 1.264030, 1.395905, 0.522165, 7.273303 , -6.147393 , -2.852099
 T=76.750000, 1.188982, 1.455917, 0.550182, 7.580941 , -5.791599 , -2.718381
 T=77.000000, 1.110421, 1.512633, 0.576988, 7.869419 , -5.421170 , -2.577794
 T=77.250000, 1.028480, 1.565879, 0.602507, 8.137875 , -5.036948 , -2.430649
 T=77.500000, 0.943304, 1.615479, 0.626659, 8.385478 , -4.639821 , -2.277276
 T=77.750000, 0.855045, 1.661264, 0.649368, 8.611436 , -4.230720 , -2.118026
 T=78.000000, 0.763871, 1.703064, 0.670557, 8.814999 , -3.810618 , -1.953268
 T=78.250000, 0.669960, 1.740713, 0.690148, 8.995456 , -3.380529 , -1.783391
 T=78.500000, 0.573501, 1.774051, 0.708069, 9.152145 , -2.941510 , -1.608803
 T=78.750000, 0.474697, 1.802920, 0.724245, 9.284451 , -2.494655 , -1.429929
 T=79.000000, 0.373765, 1.827170, 0.738605, 9.391812 , -2.041100 , -1.247214
 T=79.250000, 0.270933, 1.846656, 0.751078, 9.473721 , -1.582016 , -1.061120
 T=79.500000, 0.166444, 1.861242, 0.761600, 9.529731 , -1.118609 , -0.872126
 T=79.750000, 0.060553, 1.870801, 0.770105, 9.559456 , -0.652118 , -0.680727
 T=80.000000, -0.046470, 1.875213, 0.776533, 9.562574 , -0.183814 , -0.487434
 T=80.250000, -0.154343, 1.874373, 0.780828, 9.538836 , 0.285004 , -0.292773
 T=80.500000, -0.262770, 1.868186, 0.782938, 9.488060 , 0.753013 , -0.097283
 T=80.750000, -0.371442, 1.856570, 0.782817, 9.410144 , 1.218865 , 0.098484
 T=81.000000, -0.480039, 1.839460, 0.780423, 9.305061 , 1.681196 , 0.293966
 T=81.250000, -0.588228, 1.816806, 0.775722, 9.172868 , 2.138628 , 0.488591
 T=81.500000, -0.695667, 1.788577, 0.768686, 9.013705 , 2.589769 , 0.681778
 T=81.750000, -0.802002, 1.754761, 0.759294, 8.827799 , 3.033224 , 0.872942
 T=82.000000, -0.906873, 1.715363, 0.747535, 8.615467 , 3.467597 , 1.061492
 T=82.250000, -1.009911, 1.670416, 0.733404, 8.377115 , 3.891495 , 1.246835
 T=82.500000, -1.110743, 1.619969, 0.716907, 8.113244 , 4.303536 , 1.428378
 T=82.750000, -1.208991, 1.564100, 0.698059, 7.824449 , 4.702354 , 1.605533
 T=83.000000, -1.304278, 1.502910, 0.676886, 7.511416 , 5.086604 , 1.777713
 T=83.250000, -1.396224, 1.436525, 0.653423, 7.174930 , 5.454969 , 1.944342
 T=83.500000, -1.484455, 1.365099, 0.627718, 6.815867 , 5.806167 , 2.104851
 T=83.750000, -1.568601, 1.288811, 0.599829, 6.435199 , 6.138957 , 2.258688
 T=84.000000, -1.648300, 1.207867, 0.569826, 6.033988 , 6.452148 , 2.405313
 T=84.250000, -1.723202, 1.122500, 0.537790, 5.613384 , 6.744599 , 2.544206
 T=84.500000, -1.792968, 1.032970, 0.503813, 5.174625 , 7.015235 , 2.674870
 T=84.750000, -1.857279, 0.939562, 0.467999, 4.719032 , 7.263046 , 2.796831
 T=85.000000, -1.915833, 0.842584, 0.430464, 4.248004 , 7.487097 , 2.909643
 T=85.250000, -1.968349, 0.742370, 0.391332, 3.763010 , 7.686532 , 3.012888
 T=85.500000, -2.014573, 0.639275, 0.350739, 3.265590 , 7.860582 , 3.106183
 T=85.750000, -2.054276, 0.533672, 0.308829, 2.757344 , 8.008568 , 3.189178
 T=86.000000, -2.087259, 0.425954, 0.265757, 2.239924 , 8.129907 , 3.261562
 T=86.250000, -2.113354, 0.316528, 0.221683, 1.715030 , 8.224116 , 3.323062
 T=86.500000, -2.132428, 0.205813, 0.176775, 1.184399 , 8.290815 , 3.373446
 T=86.750000, -2.144378, 0.094240, 0.131205, 0.649800 , 8.329729 , 3.412525
 T=87.000000, -2.149142, -0.017755, 0.085152, 0.113021 , 8.340694 , 3.440153
 T=87.250000, -2.146690, -0.129731, 0.038796, -0.424137 , 8.323653 , 3.456231
 T=87.500000, -2.137031, -0.241249, -0.007681, -0.959872 , 8.278661 , 3.460702
 T=87.750000, -2.120211, -0.351870, -0.054095, -1.492384 , 8.205881 , 3.453557
 T=88.000000, -2.096311, -0.461162, -0.100265, -2.019893 , 8.105586 , 3.434832
 T=88.250000, -2.065447, -0.568702, -0.146011, -2.540641 , 7.978157 , 3.404609
 T=88.500000, -2.027770, -0.674078, -0.191157, -3.052903 , 7.824078 , 3.363013
 T=88.750000, -1.983465, -0.776894, -0.235530, -3.554996 , 7.643934 , 3.310214
 T=89.000000, -1.932744, -0.876769, -0.278965, -4.045286 , 7.438411 , 3.246424
 T=89.250000, -1.875853, -0.973344, -0.321302, -4.522196 , 7.208282 , 3.171895
 T=89.500000, -1.813059, -1.066279, -0.362390, -4.984214 , 6.954412 , 3.086920
 T=89.750000, -1.744658, -1.155260, -0.402086, -5.429896 , 6.677748 , 2.991826
 T=90.000000, -1.670963, -1.239996, -0.440257, -5.857875 , 6.379310 , 2.886978
 T=90.250000, -1.592307, -1.320221, -0.476778, -6.266866 , 6.060190 , 2.772770
 T=90.500000, -1.509039, -1.395697, -0.511536, -6.655666 , 5.721543 , 2.649628
 T=90.750000, -1.421520, -1.466215, -0.544428, -7.023164 , 5.364581 , 2.518004
 T=91.000000, -1.330122, -1.531589, -0.575363, -7.368338 , 4.990565 , 2.378375
 T=91.250000, -1.235222, -1.591665, -0.604261, -7.690260 , 4.600799 , 2.231241
 T=91.500000, -1.137204, -1.646313, -0.631051, -7.988099 , 4.196621 , 2.077118
 T=91.750000, -1.036453, -1.695431, -0.655674, -8.261118 , 3.779402 , 1.916540
 T=92.000000, -0.933352, -1.738942, -0.678082, -8.508677 , 3.350533 , 1.750054
 T=92.250000, -0.828284, -1.776796, -0.698239, -8.730231 , 2.911422 , 1.578219
 T=92.500000, -0.721627, -1.808964, -0.716115, -8.925333 , 2.463487 , 1.401601
 T=92.750000, -0.613751, -1.835442, -0.731694, -9.093625 , 2.008150 , 1.220772
 T=93.000000, -0.505020, -1.856246, -0.744966, -9.234844 , 1.546832 , 1.036308
 T=93.250000, -0.395787, -1.871413, -0.755931, -9.348817 , 1.080948 , 0.848785
 T=93.500000, -0.286396, -1.880998, -0.764598, -9.435457 , 0.611902 , 0.658780
 T=93.750000, -0.177179, -1.885074, -0.770981, -9.494763 , 0.141081 , 0.466866
 T=94.000000, -0.068454, -1.883728, -0.775104, -9.526812 , -0.330146 , 0.273611
 T=94.250000, 0.039471, -1.877064, -0.776996, -9.531765 , -0.800437 , 0.079576
 T=94.500000, 0.146303, -1.865197, -0.776692, -9.509853 , -1.268474 , -0.114684
 T=94.750000, 0.251764, -1.848253, -0.774232, -9.461382 , -1.732971 , -0.308624
 T=95.000000, 0.355588, -1.826371, -0.769661, -9.386724 , -2.192673 , -0.501711
 T=95.250000, 0.457524, -1.799696, -0.763030, -9.286318 , -2.646362 , -0.693422
 T=95.500000, 0.557334, -1.768384, -0.754393, -9.160662 , -3.092857 , -0.883249
 T=95.750000, 0.654796, -1.732596, -0.743805, -9.010314 , -3.531018 , -1.070695
 T=96.000000, 0.749700, -1.692497, -0.731327, -8.835883 , -3.959743 , -1.255281
 T=96.250000, 0.841849, -1.648261, -0.717021, -8.638033 , -4.377974 , -1.436540
 T=96.500000, 0.931060, -1.600063, -0.700953, -8.417472 , -4.784697 , -1.614024
 T=96.750000, 1.017162, -1.548083, -0.683188, -8.174955 , -5.178941 , -1.787297
 T=97.000000, 1.099997, -1.492501, -0.663795, -7.911276 , -5.559781 , -1.955946
 T=97.250000, 1.179418, -1.433501, -0.642844, -7.627270 , -5.926337 , -2.119569
 T=97.500000, 1.255289, -1.371268, -0.620404, -7.323806 , -6.277776 , -2.277785
 T=97.750000, 1.327486, -1.305988, -0.596548, -7.001784 , -6.613310 , -2.430231
 T=98.000000, 1.395895, -1.237847, -0.571347, -6.662137 , -6.932198 , -2.576560
 T=98.250000, 1.460409, -1.167032, -0.544874, -6.305824 , -7.233747 , -2.716444
 T=98.500000, 1.520935, -1.093728, -0.517202, -5.933830 , -7.517307 , -2.849573
 T=98.750000, 1.577385, -1.018121, -0.488402, -5.547161 , -7.782279 , -2.975656
 T=99.000000, 1.629681, -0.940396, -0.458550, -5.146845 , -8.028107 , -3.094419
 T=99.250000, 1.677754, -0.860738, -0.427717, -4.733929 , -8.254282 , -3.205608
 T=99.500000, 1.721540, -0.779330, -0.395977, -4.309475 , -8.460343 , -3.308984
 T=99.750000, 1.760986, -0.696355, -0.363402, -3.874562 , -8.645871 , -3.404330
 T=100.000000, 1.796041, -0.611994, -0.330067, -3.430281 , -8.810496 , -3.491445
 T=100.250000, 1.826665, -0.526428, -0.296043, -2.977734 , -8.953892 , -3.570148
 T=100.500000, 1.852822, -0.439837, -0.261403, -2.518033 , -9.075776 , -3.640273
 T=100.750000, 1.874483, -0.352399, -0.226220, -2.052297 , -9.175915 , -3.701676
 T=101.000000, 1.891624, -0.264293, -0.190566, -1.581654 , -9.254114 , -3.754229
 T=101.250000, 1.904227, -0.175696, -0.154515, -1.107237 , -9.310229 , -3.797823
 T=101.500000, 1.912280, -0.086784, -0.118137, -0.630180 , -9.344155 , -3.832365
 T=101.750000, 1.915775, 0.002267, -0.081506, -0.151623 , -9.355834 , -3.857783
 T=102.000000, 1.914711, 0.091280, -0.044695, 0.327295 , -9.345250 , -3.874021
 T=102.250000, 1.909091, 0.180081, -0.007775, 0.805434 , -9.312434 , -3.881043
 T=102.500000, 1.898924, 0.268495, 0.029181, 1.281657 , -9.257457 , -3.878829
 T=102.750000, 1.884224, 0.356345, 0.066099, 1.754827 , -9.180437 , -3.867379
 T=103.000000, 1.865011, 0.443458, 0.102907, 2.223815 , -9.081534 , -3.846710
 T=103.250000, 1.841308, 0.529659, 0.139531, 2.687493 , -8.960951 , -3.816859
 T=103.500000, 1.813147, 0.614771, 0.175897, 3.144744 , -8.818937 , -3.777879
 T=103.750000, 1.780563, 0.698619, 0.211932, 3.594456 , -8.655783 , -3.729843
 T=104.000000, 1.743599, 0.781027, 0.247560, 4.035528 , -8.471826 , -3.672843
 T=104.250000, 1.702302, 0.861819, 0.282707, 4.466871 , -8.267445 , -3.606988
 T=104.500000, 1.656728, 0.940818, 0.317298, 4.887407 , -8.043064 , -3.532408
 T=104.750000, 1.606936, 1.017846, 0.351256, 5.296073 , -7.799151 , -3.449249
 T=105.000000, 1.552996, 1.092727, 0.384506, 5.691824 , -7.536219 , -3.357679
 T=105.250000, 1.494983, 1.165281, 0.416970, 6.073630 , -7.254826 , -3.257883
 T=105.500000, 1.432980, 1.235332, 0.448572, 6.440481 , -6.955571 , -3.150067
 T=105.750000, 1.367079, 1.302701, 0.479234, 6.791392 , -6.639102 , -3.034454
 T=106.000000, 1.297380, 1.367209, 0.508877, 7.125398 , -6.306109 , -2.911289
 T=106.250000, 1.223991, 1.428680, 0.537425, 7.441561 , -5.957326 , -2.780835
 T=106.500000, 1.147032, 1.486937, 0.564799, 7.738974 , -5.593534 , -2.643374
 T=106.750000, 1.066631, 1.541803, 0.590921, 8.016756 , -5.215556 , -2.499209
 T=107.000000, 0.982925, 1.593104, 0.615712, 8.274064 , -4.824259 , -2.348661
 T=107.250000, 0.896066, 1.640667, 0.639096, 8.510087 , -4.420553 , -2.192073
 T=107.500000, 0.806213, 1.684323, 0.660994, 8.724055 , -4.005393 , -2.029804
 T=107.750000, 0.713539, 1.723904, 0.681330, 8.915238 , -3.579773 , -1.862235
 T=108.000000, 0.618228, 1.759248, 0.700030, 9.082953 , -3.144732 , -1.689764
 T=108.250000, 0.520478, 1.790194, 0.717019, 9.226562 , -2.701346 , -1.512809
 T=108.500000, 0.420498, 1.816590, 0.732224, 9.345477 , -2.250733 , -1.331806
 T=108.750000, 0.318511, 1.838287, 0.745574, 9.439167 , -1.794046 , -1.147209
 T=109.000000, 0.214754, 1.855147, 0.757003, 9.507156 , -1.332476 , -0.959490
 T=109.250000, 0.109475, 1.867036, 0.766444, 9.549030 , -0.867248 , -0.769135
 T=109.500000, 0.002939, 1.873833, 0.773836, 9.564436 , -0.399618 , -0.576650
 T=109.750000, -0.104579, 1.875424, 0.779120, 9.553092 , 0.069127 , -0.382552
 T=110.000000, -0.212789, 1.871710, 0.782243, 9.514785 , 0.537676 , -0.187376
 T=110.250000, -0.321388, 1.862603, 0.783155, 9.449375 , 1.004691 , 0.008334
 T=110.500000, -0.430061, 1.848030, 0.781812, 9.356801 , 1.468815 , 0.204018
 T=110.750000, -0.538480, 1.827934, 0.778178, 9.237080 , 1.928676 , 0.399110
 T=111.000000, -0.646308, 1.802275, 0.772220, 9.090313 , 2.382888 , 0.593032
 T=111.250000, -0.753197, 1.771032, 0.763915, 8.916688 , 2.830057 , 0.785202
 T=111.500000, -0.858788, 1.734202, 0.753247, 8.716479 , 3.268787 , 0.975029
 T=111.750000, -0.962716, 1.691804, 0.740207, 8.490052 , 3.697682 , 1.161923
 T=112.000000, -1.064611, 1.643882, 0.724798, 8.237864 , 4.115355 , 1.345290
 T=112.250000, -1.164097, 1.590498, 0.707030, 7.960466 , 4.520432 , 1.524539
 T=112.500000, -1.260794, 1.531744, 0.686924, 7.658502 , 4.911556 , 1.699082
 T=112.750000, -1.354326, 1.467733, 0.664510, 7.332712 , 5.287398 , 1.868339
 T=113.000000, -1.444314, 1.398608, 0.639831, 6.983930 , 5.646659 , 2.031736
 T=113.250000, -1.530387, 1.324534, 0.612940, 6.613083 , 5.988077 , 2.188714
 T=113.500000, -1.612178, 1.245706, 0.583901, 6.221193 , 6.310439 , 2.338725
 T=113.750000, -1.689332, 1.162345, 0.552790, 5.809370 , 6.612578 , 2.481242
 T=114.000000, -1.761504, 1.074697, 0.519694, 5.378811 , 6.893389 , 2.615757
 T=114.250000, -1.828366, 0.983037, 0.484712, 4.930800 , 7.151832 , 2.741782
 T=114.500000, -1.889607, 0.887663, 0.447955, 4.466700 , 7.386935 , 2.858861
 T=114.750000, -1.944936, 0.788896, 0.409541, 3.987949 , 7.597806 , 2.966561
 T=115.000000, -1.994087, 0.687082, 0.369603, 3.496056 , 7.783635 , 3.064483
 T=115.250000, -2.036819, 0.582586, 0.328281, 2.992592 , 7.943701 , 3.152262
 T=115.500000, -2.072919, 0.475792, 0.285725, 2.479187 , 8.077377 , 3.229569
 T=115.750000, -2.102205, 0.367100, 0.242092, 1.957520 , 8.184132 , 3.296112
 T=116.000000, -2.124526, 0.256926, 0.197546, 1.429313 , 8.263539 , 3.351640