
 T=0.000000, 0.564148, 1.145131, 0.493597, 18.381750 , -7.257980 , -3.438750
 T=0.500000, 0.518863, 1.162093, 0.501666, 18.653660 , -6.681539 , -3.190110
 T=1.000000, 0.473006, 1.177614, 0.509112, 18.902796 , -6.096940 , -2.937576
 T=1.500000, 0.426626, 1.191683, 0.515930, 19.128884 , -5.504908 , -2.681460
 T=2.000000, 0.379772, 1.204286, 0.522112, 19.331674 , -4.906170 , -2.422078
 T=2.500000, 0.332493, 1.215415, 0.527655, 19.510938 , -4.301462 , -2.159748
 T=3.000000, 0.284839, 1.225059, 0.532552, 19.666477 , -3.691523 , -1.894792
 T=3.500000, 0.236860, 1.233211, 0.536801, 19.798114 , -3.077097 , -1.627533
 T=4.000000, 0.188605, 1.239862, 0.540396, 19.905697 , -2.458933 , -1.358297
 T=4.500000, 0.140125, 1.245007, 0.543334, 19.989100 , -1.837782 , -1.087411
 T=5.000000, 0.091468, 1.248640, 0.545613, 20.048220 , -1.214399 , -0.815204
 T=5.500000, 0.042686, 1.250757, 0.547230, 20.082982 , -0.589540 , -0.542006
 T=6.000000, -0.006172, 1.251354, 0.548181, 20.093334 , 0.036036 , -0.268150
 T=6.500000, -0.055055, 1.250429, 0.548467, 20.079250 , 0.661567 , 0.006033
 T=7.000000, -0.103912, 1.247980, 0.548085, 20.040727 , 1.286294 , 0.280208
 T=7.500000, -0.152693, 1.244008, 0.547034, 19.977792 , 1.909453 , 0.554042
 T=8.000000, -0.201346, 1.238513, 0.545315, 19.890492 , 2.530283 , 0.827200
 T=8.500000, -0.249822, 1.231496, 0.542927, 19.778903 , 3.148024 , 1.099347
 T=9.000000, -0.298067, 1.222962, 0.539870, 19.643127 , 3.761914 , 1.370151
 T=9.500000, -0.346031, 1.212912, 0.536147, 19.483288 , 4.371196 , 1.639276
 T=10.000000, -0.393663, 1.201354, 0.531757, 19.299541 , 4.975114 , 1.906389
 T=10.500000, -0.440909, 1.188292, 0.526703, 19.092062 , 5.572914 , 2.171157
 T=11.000000, -0.487719, 1.173734, 0.520989, 18.861056 , 6.163846 , 2.433250
 T=11.500000, -0.534040, 1.157689, 0.514615, 18.606753 , 6.747164 , 2.692338
 T=12.000000, -0.579819, 1.140167, 0.507587, 18.329409 , 7.322127 , 2.948091
 T=12.500000, -0.625005, 1.121178, 0.499909, 18.029307 , 7.887998 , 3.200184
 T=13.000000, -0.669543, 1.100735, 0.491584, 17.706756 , 8.444047 , 3.448292
 T=13.500000, -0.713382, 1.078851, 0.482619, 17.362091 , 8.989549 , 3.692093
 T=14.000000, -0.756468, 1.055542, 0.473018, 16.995673 , 9.523789 , 3.931268
 T=14.500000, -0.798748, 1.030825, 0.462789, 16.607892 , 10.046056 , 4.165501
 T=15.000000, -0.840169, 1.004716, 0.451939, 16.199162 , 10.555651 , 4.394480
 T=15.500000, -0.880679, 0.977236, 0.440475, 15.769924 , 11.051882 , 4.617895
 T=16.000000, -0.920222, 0.948406, 0.428406, 15.320646 , 11.534069 , 4.835442
 T=16.500000, -0.958747, 0.918247, 0.415741, 14.851824 , 12.001540 , 5.046820
 T=17.000000, -0.996201, 0.886786, 0.402490, 14.363978 , 12.453638 , 5.251733
 T=17.500000, -1.032529, 0.854047, 0.388664, 13.857656 , 12.889717 , 5.449891
 T=18.000000, -1.067680, 0.820058, 0.374273, 13.333433 , 13.309144 , 5.641008
 T=18.500000, -1.101601, 0.784849, 0.359331, 12.791909 , 13.711300 , 5.824805
 T=19.000000, -1.134239, 0.748451, 0.343850, 12.233711 , 14.095584 , 6.001009
 T=19.500000, -1.165543, 0.710897, 0.327844, 11.659492 , 14.461406 , 6.169354
 T=20.000000, -1.195461, 0.672224, 0.311327, 11.069930 , 14.808199 , 6.329580
 T=20.500000, -1.223942, 0.632467, 0.294316, 10.465731 , 15.135409 , 6.481436
 T=21.000000, -1.250936, 0.591666, 0.276827, 9.847624 , 15.442505 , 6.624679
 T=21.500000, -1.276393, 0.549863, 0.258877, 9.216364 , 15.728972 , 6.759072
 T=22.000000, -1.300265, 0.507100, 0.240484, 8.572729 , 15.994321 , 6.884390
 T=22.500000, -1.322503, 0.463425, 0.221668, 7.917525 , 16.238081 , 7.000416
 T=23.000000, -1.343061, 0.418883, 0.202450, 7.251577 , 16.459806 , 7.106942
 T=23.500000, -1.361894, 0.373525, 0.182849, 6.575737 , 16.659074 , 7.203772
 T=24.000000, -1.378956, 0.327404, 0.162889, 5.890877 , 16.835490 , 7.290720
 T=24.500000, -1.394205, 0.280573, 0.142592, 5.197893 , 16.988683 , 7.367611
 T=25.000000, -1.407600, 0.233089, 0.121984, 4.497699 , 17.118312 , 7.434282
 T=25.500000, -1.419100, 0.185011, 0.101088, 3.791233 , 17.224062 , 7.490584
 T=26.000000, -1.428670, 0.136400, 0.079932, 3.079449 , 17.305651 , 7.536378
 T=26.500000, -1.436271, 0.087319, 0.058542, 2.363322 , 17.362826 , 7.571540
 T=27.000000, -1.441872, 0.037834, 0.036946, 1.643843 , 17.395366 , 7.595960
 T=27.500000, -1.445442, -0.011988, 0.015174, 0.922019 , 17.403086 , 7.609541
 T=28.000000, -1.446951, -0.062078, -0.006744, 0.198873 , 17.385831 , 7.612202
 T=28.500000, -1.446373, -0.112363, -0.028777, -0.524559 , 17.343485 , 7.603876
 T=29.000000, -1.443687, -0.162771, -0.050894, -1.247228 , 17.275965 , 7.584514
 T=29.500000, -1.438871, -0.213225, -0.073061, -1.968076 , 17.183227 , 7.554081
 T=30.000000, -1.431910, -0.263649, -0.095245, -2.686034 , 17.065266 , 7.512560
 T=30.500000, -1.422789, -0.313964, -0.117412, -3.400026 , 16.922115 , 7.459948
 T=31.000000, -1.411501, -0.364089, -0.139526, -4.108971 , 16.753845 , 7.396264
 T=31.500000, -1.398037, -0.413943, -0.161552, -4.811782 , 16.560570 , 7.321541
 T=32.000000, -1.382397, -0.463442, -0.183454, -5.507371 , 16.342445 , 7.235831
 T=32.500000, -1.364582, -0.512502, -0.205194, -6.194651 , 16.099666 , 7.139205
 T=33.000000, -1.344600, -0.561039, -0.226735, -6.872535 , 15.832471 , 7.031752
 T=33.500000, -1.322459, -0.608966, -0.248041, -7.539942 , 15.541141 , 6.913580
 T=34.000000, -1.298176, -0.656198, -0.269071, -8.195796 , 15.226000 , 6.784816
 T=34.500000, -1.271770, -0.702648, -0.289789, -8.839029 , 14.887416 , 6.645605
 T=35.000000, -1.243265, -0.748229, -0.310157, -9.468587 , 14.525798 , 6.496112
 T=35.500000, -1.212691, -0.792855, -0.330135, -10.083425 , 14.141602 , 6.336522
 T=36.000000, -1.180081, -0.836441, -0.349687, -10.682517 , 13.735322 , 6.167037
 T=36.500000, -1.145475, -0.878901, -0.368773, -11.264852 , 13.307500 , 5.987879
 T=37.000000, -1.108916, -0.920150, -0.387357, -11.829444 , 12.858717 , 5.799290
 T=37.500000, -1.070452, -0.960106, -0.405401, -12.375324 , 12.389597 , 5.601528
 T=38.000000, -1.030137, -0.998688, -0.422870, -12.901555 , 11.900805 , 5.394873
 T=38.500000, -0.988030, -1.035816, -0.439727, -13.407222 , 11.393045 , 5.179619
 T=39.000000, -0.944194, -1.071413, -0.455938, -13.891444 , 10.867063 , 4.956081
 T=39.500000, -0.898696, -1.105404, -0.471469, -14.353371 , 10.323640 , 4.724589
 T=40.000000, -0.851610, -1.137716, -0.486287, -14.792189 , 9.763597 , 4.485490
 T=40.500000, -0.803012, -1.168281, -0.500361, -15.207120 , 9.187789 , 4.239148
 T=41.000000, -0.752983, -1.197032, -0.513661, -15.597427 , 8.597103 , 3.985943
 T=41.500000, -0.701610, -1.223907, -0.526158, -15.962413 , 7.992462 , 3.726267
 T=42.000000, -0.648980, -1.248847, -0.537826, -16.301426 , 7.374816 , 3.460528
 T=42.500000, -0.595188, -1.271797, -0.548638, -16.613859 , 6.745146 , 3.189146
 T=43.000000, -0.540330, -1.292708, -0.558572, -16.899152 , 6.104457 , 2.912556
 T=43.500000, -0.484504, -1.311534, -0.567607, -17.156794 , 5.453780 , 2.631199
 T=44.000000, -0.427814, -1.328232, -0.575722, -17.386324 , 4.794168 , 2.345532
 T=44.500000, -0.370365, -1.342768, -0.582900, -17.587335 , 4.126691 , 2.056017
 T=45.000000, -0.312263, -1.355109, -0.589127, -17.759469 , 3.452439 , 1.763126
 T=45.500000, -0.253618, -1.365230, -0.594388, -17.902426 , 2.772515 , 1.467339
 T=46.000000, -0.194541, -1.373110, -0.598674, -18.015958 , 2.088034 , 1.169140
 T=46.500000, -0.135142, -1.378732, -0.601976, -18.099874 , 1.400121 , 0.869019
 T=47.000000, -0.075534, -1.382087, -0.604288, -18.154040 , 0.709906 , 0.567469
 T=47.500000, -0.015830, -1.383171, -0.605607, -18.178375 , 0.018525 , 0.264988
 T=48.000000, 0.043856, -1.381983, -0.605930, -18.172858 , -0.672887 , -0.037929
 T=48.500000, 0.103414, -1.378530, -0.605259, -18.137522 , -1.363195 , -0.340784
 T=49.000000, 0.162729, -1.372823, -0.603598, -18.072456 , -2.051268 , -0.643081
 T=49.500000, 0.221693, -1.364880, -0.600951, -17.977808 , -2.735985 , -0.944325
 T=50.000000, 0.280196, -1.354721, -0.597328, -17.853777 , -3.416229 , -1.244025
 T=50.500000, 0.338129, -1.342373, -0.592739, -17.700619 , -4.090901 , -1.541696
 T=51.000000, 0.395388, -1.327870, -0.587195, -17.518641 , -4.758913 , -1.836858
 T=51.500000, 0.451870, -1.311246, -0.580713, -17.308204 , -5.419194 , -2.129035
 T=52.000000, 0.507475, -1.292544, -0.573307, -17.069720 , -6.070694 , -2.417763
 T=52.500000, 0.562104, -1.271809, -0.564997, -16.803649 , -6.712384 , -2.702583
 T=53.000000, 0.615664, -1.249091, -0.555803, -16.510500 , -7.343258 , -2.983049
 T=53.500000, 0.668064, -1.224443, -0.545747, -16.190828 , -7.962336 , -3.258723
 T=54.000000, 0.719218, -1.197922, -0.534854, -15.845233 , -8.568666 , -3.529180
 T=54.500000, 0.769042, -1.169590, -0.523149, -15.474357 , -9.161326 , -3.794006
 T=55.000000, 0.817458, -1.139509, -0.510657, -15.078883 , -9.739423 , -4.052802
 T=55.500000, 0.864390, -1.107748, -0.497409, -14.659532 , -10.302099 , -4.305180
 T=56.000000, 0.909768, -1.074375, -0.483433, -14.217061 , -10.848529 , -4.550770
 T=56.500000, 0.953526, -1.039461, -0.468759, -13.752264 , -11.377923 , -4.789212
 T=57.000000, 0.995603, -1.003082, -0.453419, -13.265963 , -11.889527 , -5.020167
 T=57.500000, 1.035941, -0.965312, -0.437446, -12.759012 , -12.382626 , -5.243309
 T=58.000000, 1.074488, -0.926228, -0.420872, -12.232294 , -12.856540 , -5.458327
 T=58.500000, 1.111196, -0.885910, -0.403731, -11.686714 , -13.310632 , -5.664929
 T=59.000000, 1.146021, -0.844436, -0.386058, -11.123202 , -13.744302 , -5.862839
 T=59.500000, 1.178925, -0.801887, -0.367886, -10.542708 , -14.156989 , -6.051799
 T=60.000000, 1.209874, -0.758343, -0.349251, -9.946201 , -14.548174 , -6.231568
 T=60.500000, 1.238837, -0.713886, -0.330189, -9.334664 , -14.917379 , -6.401922
 T=61.000000, 1.265789, -0.668597, -0.310733, -8.709098 , -15.264165 , -6.562654
 T=61.500000, 1.290709, -0.622556, -0.290919, -8.070512 , -15.588133 , -6.713576
 T=62.000000, 1.313579, -0.575845, -0.270783, -7.419927 , -15.888927 , -6.854517
 T=62.500000, 1.334386, -0.528544, -0.250359, -6.758371 , -16.166230 , -6.985325
 T=63.000000, 1.353122, -0.480732, -0.229682, -6.086876 , -16.419764 , -7.105861
 T=63.500000, 1.369779, -0.432488, -0.208786, -5.406482 , -16.649291 , -7.216009
 T=64.000000, 1.384358, -0.383889, -0.187706, -4.718226 , -16.854613 , -7.315666
 T=64.500000, 1.396859, -0.335013, -0.166475, -4.023149 , -17.035570 , -7.404747
 T=65.000000, 1.407287, -0.285934, -0.145125, -3.322288 , -17.192041 , -7.483185
 T=65.500000, 1.415651, -0.236727, -0.123691, -2.616677 , -17.323940 , -7.550928
 T=66.000000, 1.421962, -0.187464, -0.102203, -1.907347 , -17.431220 , -7.607940
 T=66.500000, 1.426234, -0.138215, -0.080692, -1.195321 , -17.513869 , -7.654202
 T=67.000000, 1.428485, -0.089052, -0.059190, -0.481615 , -17.571910 , -7.689709
 T=67.500000, 1.428733, -0.040040, -0.037727, 0.232766 , -17.605400 , -7.714472
 T=68.000000, 1.427001, 0.008753, -0.016331, 0.946824 , -17.614431 , -7.728518
 T=68.500000, 1.423313, 0.057264, 0.004969, 1.659574 , -17.599127 , -7.731886
 T=69.000000, 1.417695, 0.105431, 0.026146, 2.370046 , -17.559642 , -7.724631
 T=69.500000, 1.410177, 0.153192, 0.047171, 3.077279 , -17.496162 , -7.706821
 T=70.000000, 1.400788, 0.200489, 0.068020, 3.780332 , -17.408904 , -7.678536
 T=70.500000, 1.389560, 0.247266, 0.088667, 4.478274 , -17.298112 , -7.639872
 T=71.000000, 1.376528, 0.293467, 0.109087, 5.170196 , -17.164059 , -7.590934
 T=71.500000, 1.361727, 0.339039, 0.129257, 5.855202 , -17.007045 , -7.531841
 T=72.000000, 1.345193, 0.383931, 0.149153, 6.532416 , -16.827396 , -7.462724
 T=72.500000, 1.326965, 0.428093, 0.168754, 7.200981 , -16.625463 , -7.383725
 T=73.000000, 1.307081, 0.471479, 0.188038, 7.860057 , -16.401621 , -7.294995
 T=73.500000, 1.285581, 0.514042, 0.206985, 8.508825 , -16.156270 , -7.196699
 T=74.000000, 1.262507, 0.555739, 0.225574, 9.146488 , -15.889830 , -7.089008
 T=74.500000, 1.237902, 0.596528, 0.243787, 9.772268 , -15.602745 , -6.972107
 T=75.000000, 1.211807, 0.636367, 0.261606, 10.385408 , -15.295477 , -6.846188
 T=75.500000, 1.184266, 0.675218, 0.279012, 10.985174 , -14.968511 , -6.711451
 T=76.000000, 1.155325, 0.713045, 0.295989, 11.570852 , -14.622348 , -6.568108
 T=76.500000, 1.125026, 0.749811, 0.312521, 12.141752 , -14.257509 , -6.416375
 T=77.000000, 1.093417, 0.785484, 0.328592, 12.697206 , -13.874531 , -6.256479
 T=77.500000, 1.060542, 0.820030, 0.344188, 13.236569 , -13.473969 , -6.088654
 T=78.000000, 1.026448, 0.853419, 0.359294, 13.759218 , -13.056393 , -5.913141
 T=78.500000, 0.991182, 0.885622, 0.373897, 14.264555 , -12.622388 , -5.730187
 T=79.000000, 0.954791, 0.916611, 0.387985, 14.752003 , -12.172554 , -5.540048
 T=79.500000, 0.917322, 0.946359, 0.401544, 15.221012 , -11.707504 , -5.342982
 T=80.000000, 0.878822, 0.974842, 0.414563, 15.671052 , -11.227863 , -5.139259
 T=80.500000, 0.839339, 1.002036, 0.427032, 16.101619 , -10.734269 , -4.929148
 T=81.000000, 0.798922, 1.027918, 0.438940, 16.512232 , -10.227373 , -4.712930
 T=81.500000, 0.757618, 1.052467, 0.450276, 16.902435 , -9.707835 , -4.490885
 T=82.000000, 0.715476, 1.075664, 0.461032, 17.271796 , -9.176326 , -4.263303
 T=82.500000, 0.672544, 1.097490, 0.471198, 17.619906 , -8.633527 , -4.030475
 T=83.000000, 0.628871, 1.117927, 0.480767, 17.946381 , -8.080126 , -3.792699
 T=83.500000, 0.584506, 1.136958, 0.489729, 18.250862 , -7.516822 , -3.550274
 T=84.000000, 0.539497, 1.154570, 0.498079, 18.533013 , -6.944322 , -3.303505
 T=84.500000, 0.493893, 1.170747, 0.505809, 18.792524 , -6.363337 , -3.052700
 T=85.000000, 0.447744, 1.185476, 0.512913, 19.029109 , -5.774590 , -2.798171
 T=85.500000, 0.401099, 1.198746, 0.519384, 19.242506 , -5.178806 , -2.540233
 T=86.000000, 0.354007, 1.210546, 0.525218, 19.432477 , -4.576717 , -2.279202
 T=86.500000, 0.306518, 1.220865, 0.530409, 19.598811 , -3.969061 , -2.015398
 T=87.000000, 0.258680, 1.229696, 0.534953, 19.741320 , -3.356580 , -1.749145
 T=87.500000, 0.210544, 1.237029, 0.538845, 19.859840 , -2.740020 , -1.480766
 T=88.000000, 0.162160, 1.242859, 0.542082, 19.954235 , -2.120132 , -1.210588
 T=88.500000, 0.113577, 1.247179, 0.544661, 20.024391 , -1.497668 , -0.938939
 T=89.000000, 0.064846, 1.249984, 0.546578, 20.070220 , -0.873385 , -0.666150
 T=89.500000, 0.016016, 1.251271, 0.547832, 20.091659 , -0.248041 , -0.392552
 T=90.000000, -0.032862, 1.251038, 0.548420, 20.088671 , 0.377605 , -0.118476
 T=90.500000, -0.081737, 1.249281, 0.548341, 20.061242 , 1.002791 , 0.155744
 T=91.000000, -0.130559, 1.246001, 0.547594, 20.009385 , 1.626757 , 0.429774
 T=91.500000, -0.179276, 1.241197, 0.546179, 19.933139 , 2.248739 , 0.703280
 T=92.000000, -0.227839, 1.234871, 0.544094, 19.832567 , 2.867977 , 0.975928
 T=92.500000, -0.276195, 1.227025, 0.541341, 19.707758 , 3.483709 , 1.247383
 T=93.000000, -0.324294, 1.217663, 0.537920, 19.558826 , 4.095178 , 1.517312
 T=93.500000, -0.372083, 1.206789, 0.533832, 19.385913 , 4.701625 , 1.785380
 T=94.000000, -0.419510, 1.194408, 0.529080, 19.189184 , 5.302296 , 2.051254
 T=94.500000, -0.466525, 1.180529, 0.523665, 18.968833 , 5.896439 , 2.314603
 T=95.000000, -0.513075, 1.165158, 0.517591, 18.725076 , 6.483306 , 2.575096
 T=95.500000, -0.559106, 1.148305, 0.510859, 18.458159 , 7.062154 , 2.832404
 T=96.000000, -0.604568, 1.129981, 0.503476, 18.168353 , 7.632244 , 3.086199
 T=96.500000, -0.649406, 1.110196, 0.495444, 17.855954 , 8.192843 , 3.336156
 T=97.000000, -0.693569, 1.088965, 0.486768, 17.521285 , 8.743223 , 3.581952
 T=97.500000, -0.737004, 1.066301, 0.477455, 17.164696 , 9.282665 , 3.823267
 T=98.000000, -0.779657, 1.042221, 0.467511, 16.786564 , 9.810455 , 4.059783
 T=98.500000, -0.821475, 1.016741, 0.456942, 16.387291 , 10.325890 , 4.291186
 T=99.000000, -0.862405, 0.989881, 0.445755, 15.967307 , 10.828274 , 4.517165
 T=99.500000, -0.902393, 0.961661, 0.433960, 15.527067 , 11.316921 , 4.737414
 T=100.000000, -0.941387, 0.932103, 0.421565, 15.067055 , 11.791156 , 4.951630
 T=100.500000, -0.979334, 0.901230, 0.408578, 14.587779 , 12.250314 , 5.159514
 T=101.000000, -1.016180, 0.869067, 0.395012, 14.089775 , 12.693746 , 5.360775
 T=101.500000, -1.051872, 0.835642, 0.380876, 13.573605 , 13.120810 , 5.555123
 T=102.000000, -1.086358, 0.800983, 0.366183, 13.039859 , 13.530883 , 5.742278
 T=102.500000, -1.119585, 0.765121, 0.350944, 12.489151 , 13.923355 , 5.921963
 T=103.000000, -1.151501, 0.728088, 0.335175, 11.922122 , 14.297631 , 6.093909
 T=103.500000, -1.182055, 0.689918, 0.318888, 11.339440 , 14.653133 , 6.257853
 T=104.000000, -1.211195, 0.650648, 0.302100, 10.741797 , 14.989301 , 6.413540
 T=104.500000, -1.238870, 0.610317, 0.284825, 10.129911 , 15.305593 , 6.560722
 T=105.000000, -1.265031, 0.568963, 0.267082, 9.504526 , 15.601488 , 6.699162
 T=105.500000, -1.289629, 0.526631, 0.248888, 8.866411 , 15.876484 , 6.828628
 T=106.000000, -1.312614, 0.483364, 0.230262, 8.216357 , 16.130102 , 6.948898
 T=106.500000, -1.333941, 0.439209, 0.211223, 7.555182 , 16.361885 , 7.059762
 T=107.000000, -1.353562, 0.394215, 0.191793, 6.883725 , 16.571399 , 7.161018
 T=107.500000, -1.371434, 0.348434, 0.171994, 6.202850 , 16.758238 , 7.252474
 T=108.000000, -1.387511, 0.301918, 0.151847, 5.513441 , 16.922018 , 7.333952
 T=108.500000, -1.401753, 0.254723, 0.131377, 4.816404 , 17.062385 , 7.405283
 T=109.000000, -1.414118, 0.206908, 0.110608, 4.112668 , 17.179012 , 7.466310
 T=109.500000, -1.424569, 0.158531, 0.089567, 3.403178 , 17.271603 , 7.516890
 T=110.000000, -1.433068, 0.109655, 0.068279, 2.688900 , 17.339891 , 7.556894
 T=110.500000, -1.439581, 0.060345, 0.046774, 1.970818 , 17.383640 , 7.586203
 T=111.000000, -1.444077, 0.010667, 0.025078, 1.249932 , 17.402649 , 7.604716
 T=111.500000, -1.446524, -0.039310, 0.003223, 0.527258 , 17.396749 , 7.612343
 T=112.000000, -1.446897, -0.089516, -0.018762, -0.196175 , 17.365805 , 7.609013
 T=112.500000, -1.445171, -0.139877, -0.040845, -0.919322 , 17.309721 , 7.594666
 T=113.000000, -1.441324, -0.190320, -0.062993, -1.641129 , 17.228435 , 7.569262
 T=113.500000, -1.435338, -0.240768, -0.085174, -2.360533 , 17.121923 , 7.532776
 T=114.000000, -1.427200, -0.291142, -0.107353, -3.076460 , 16.990200 , 7.485198
 T=114.500000, -1.416896, -0.341363, -0.129496, -3.787831 , 16.833321 , 7.426537
 T=115.000000, -1.404420, -0.391350, -0.151566, -4.493562 , 16.651381 , 7.356819
 T=115.500000, -1.389768, -0.441021, -0.173529, -5.192565 , 16.444516 , 7.276089
 T=116.000000, -1.372940, -0.490291, -0.195347, -5.883753 , 16.212901 , 7.184409
 T=116.500000, -1.353941, -0.539076, -0.216984, -6.566037 , 15.956757 , 7.081859
 T=117.000000, -1.332778, -0.587291, -0.238401, -7.238335 , 15.676346 , 6.968538
 T=117.500000, -1.309465, -0.634849, -0.259561, -7.899567 , 15.371971 , 6.844566
 T=118.000000, -1.284020, -0.681665, -0.280426, -8.548662 , 15.043981 , 6.710078
 T=118.500000, -1.256465, -0.727651, -0.300957, -9.184558 , 14.692765 , 6.565231
 T=119.000000, -1.226826, -0.772721, -0.321117, -9.806207 , 14.318760 , 6.410200
 T=119.500000, -1.195136, -0.816790, -0.340867, -10.412574 , 13.922440 , 6.245180
 T=120.000000, -1.161431, -0.859771, -0.360169, -11.002640 , 13.504328 , 6.070385
 T=120.500000, -1.125752, -0.901580, -0.378985, -11.575408 , 13.064985 , 5.886046
 T=121.000000, -1.088146, -0.942134, -0.397279, -12.129902 , 12.605017 , 5.692414
 T=121.500000, -1.048665, -0.981350, -0.415014, -12.665168 , 12.125069 , 5.489761
 T=122.000000, -1.007364, -1.019148, -0.432153, -13.180281 , 11.625830 , 5.278372
 T=122.500000, -0.964304, -1.055449, -0.448662, -13.674346 , 11.108024 , 5.058554
 T=123.000000, -0.919552, -1.090178, -0.464505, -14.146497 , 10.572419 , 4.830631
 T=123.500000, -0.873178, -1.123261, -0.479651, -14.595904 , 10.019817 , 4.594941
 T=124.000000, -0.825256, -1.154628, -0.494067, -15.021773 , 9.451057 , 4.351841
 T=124.500000, -0.775866, -1.184210, -0.507722, -15.423347 , 8.867012 , 4.101703
 T=125.000000, -0.725092, -1.211944, -0.520586, -15.799911 , 8.268590 , 3.844915
 T=125.500000, -0.673022, -1.237769, -0.532634, -16.150793 , 7.656727 , 3.581877
 T=126.000000, -0.619745, -1.261629, -0.543837, -16.475364 , 7.032392 , 3.313004
 T=126.500000, -0.565359, -1.283472, -0.554173, -16.773044 , 6.396578 , 3.038723
 T=127.000000, -0.509960, -1.303249, -0.563619, -17.043298 , 5.750306 , 2.759474
 T=127.500000, -0.453649, -1.320918, -0.572153, -17.285643 , 5.094618 , 2.475707
 T=128.000000, -0.396532, -1.336440, -0.579759, -17.499648 , 4.430578 , 2.187880
 T=128.500000, -0.338713, -1.349781, -0.586419, -17.684931 , 3.759265 , 1.896463
 T=129.000000, -0.280301, -1.360913, -0.592120, -17.841167 , 3.081778 , 1.601931
 T=129.500000, -0.221405, -1.369812, -0.596850, -17.968083 , 2.399227 , 1.304766
 T=130.000000, -0.162138, -1.376460, -0.600600, -18.065464 , 1.712732 , 1.005457
 T=130.500000, -0.102611, -1.380846, -0.603362, -18.133148 , 1.023422 , 0.704494
 T=131.000000, -0.042937, -1.382961, -0.605131, -18.171031 , 0.332430 , 0.402374
 T=131.500000, 0.016771, -1.382803, -0.605906, -18.179064 , -0.359109 , 0.099593
 T=132.000000, 0.076401, -1.380377, -0.605686, -18.157256 , -1.050058 , -0.203351
 T=132.500000, 0.135840, -1.375692, -0.604474, -18.105672 , -1.739286 , -0.505963
 T=133.000000, 0.194977, -1.368761, -0.602274, -18.024431 , -2.425665 , -0.807745
 T=133.500000, 0.253703, -1.359605, -0.599093, -17.913710 , -3.108076 , -1.108207
 T=134.000000, 0.311907, -1.348247, -0.594941, -17.773739 , -3.785414 , -1.406859
 T=134.500000, 0.369486, -1.334718, -0.589829, -17.604802 , -4.456582 , -1.703219
 T=135.000000, 0.426333, -1.319052, -0.583771, -17.407236 , -5.120504 , -1.996809
 T=135.500000, 0.482348, -1.301288, -0.576782, -17.181430 , -5.776119 , -2.287160
 T=136.000000, 0.537431, -1.281470, -0.568880, -16.927822 , -6.422387 , -2.573810
 T=136.500000, 0.591488, -1.259646, -0.560084, -16.646899 , -7.058294 , -2.856307
 T=137.000000, 0.644426, -1.235867, -0.550417, -16.339196 , -7.682846 , -3.134210
 T=137.500000, 0.696156, -1.210189, -0.539901, -16.005293 , -8.295079 , -3.407087
 T=138.000000, 0.746594, -1.182671, -0.528561, -15.645811 , -8.894056 , -3.674519
 T=138.500000, 0.795658, -1.153376, -0.516423, -15.261416 , -9.478872 , -3.936101
 T=139.000000, 0.843272, -1.122369, -0.503515, -14.852813 , -10.048653 , -4.191439
 T=139.500000, 0.889364, -1.089719, -0.489865, -14.420742 , -10.602558 , -4.440156
 T=140.000000, 0.933866, -1.055496, -0.475504, -13.965980 , -11.139780 , -4.681886
 T=140.500000, 0.976713, -1.019773, -0.460463, -13.489337 , -11.659551 , -4.916281
 T=141.000000, 1.017847, -0.982624, -0.444773, -12.991653 , -12.161136 , -5.143009
 T=141.500000, 1.057213, -0.944128, -0.428468, -12.473798 , -12.643841 , -5.361751
 T=142.000000, 1.094761, -0.904360, -0.411580, -11.936667 , -13.107008 , -5.572209
 T=142.500000, 1.130446, -0.863401, -0.394145, -11.381180 , -13.550019 , -5.774098
 T=143.000000, 1.164227, -0.821330, -0.376195, -10.808276 , -13.972298 , -5.967152
 T=143.500000, 1.196068, -0.778228, -0.357766, -10.218918 , -14.373306 , -6.151122
 T=144.000000, 1.225936, -0.734175, -0.338893, -9.614082 , -14.752546 , -6.325776
 T=144.500000, 1.253803, -0.689254, -0.319611, -8.994761 , -15.109560 , -6.490900
 T=145.000000, 1.279648, -0.643544, -0.299955, -8.361960 , -15.443933 , -6.646298
 T=145.500000, 1.303450, -0.597128, -0.279961, -7.716696 , -15.755289 , -6.791790
 T=146.000000, 1.325195, -0.550085, -0.259664, -7.059993 , -16.043293 , -6.927216
 T=146.500000, 1.344872, -0.502495, -0.239097, -6.392882 , -16.307648 , -7.052431
 T=147.000000, 1.362473, -0.454437, -0.218297, -5.716400 , -16.548100 , -7.167308
 T=147.500000, 1.377996, -0.405990, -0.197296, -5.031585 , -16.764433 , -7.271739
 T=148.000000, 1.391439, -0.357231, -0.176129, -4.339477 , -16.956468 , -7.365631
 T=148.500000, 1.402808, -0.308235, -0.154830, -3.641114 , -17.124068 , -7.448908
 T=149.000000, 1.412108, -0.259077, -0.133430, -2.937532 , -17.267130 , -7.521511
 T=149.500000, 1.419349, -0.209830, -0.111962, -2.229764 , -17.385590 , -7.583398
 T=150.000000, 1.424545, -0.160566, -0.090458, -1.518837 , -17.479420 , -7.634541
 T=150.500000, 1.427711, -0.111356, -0.068949, -0.805768 , -17.548627 , -7.674930
 T=151.000000, 1.428865, -0.062267, -0.047464, -0.091571 , -17.593254 , -7.704569
 T=151.500000, 1.428029, -0.013367, -0.026034, 0.622756 , -17.613376 , -7.723476
 T=152.000000, 1.425226, 0.035280, -0.004687, 1.336220 , -17.609102 , -7.731686
 T=152.500000, 1.420481, 0.083611, 0.016549, 2.047845 , -17.580573 , -7.729246
 T=153.000000, 1.413822, 0.131563, 0.037646, 2.756666 , -17.527961 , -7.716219
 T=153.500000, 1.405278, 0.179078, 0.058579, 3.461731 , -17.451470 , -7.692678
 T=154.000000, 1.394882, 0.226098, 0.079320, 4.162107 , -17.351330 , -7.658714
 T=154.500000, 1.382665, 0.272566, 0.099846, 4.856874 , -17.227802 , -7.614426
 T=155.000000, 1.368662, 0.318430, 0.120133, 5.545128 , -17.081173 , -7.559928
 T=155.500000, 1.352910, 0.363637, 0.140156, 6.225987 , -16.911758 , -7.495345
 T=156.000000, 1.335446, 0.408137, 0.159894, 6.898582 , -16.719897 , -7.420814
 T=156.500000, 1.316309, 0.451881, 0.179324, 7.562068 , -16.505954 , -7.336482
 T=157.000000, 1.295538, 0.494823, 0.198426, 8.215615 , -16.270317 , -7.242508
 T=157.500000, 1.273174, 0.536919, 0.217180, 8.858417 , -16.013398 , -7.139061
 T=158.000000, 1.249259, 0.578125, 0.235566, 9.489687 , -15.735630 , -7.026318
 T=158.500000, 1.223835, 0.618399, 0.253566, 10.108657 , -15.437467 , -6.904469
 T=159.000000, 1.196945, 0.657704, 0.271161, 10.714583 , -15.119383 , -6.773710
 T=159.500000, 1.168634, 0.696000, 0.288335, 11.306744 , -14.781872 , -6.634247
 T=160.000000, 1.138946, 0.733252, 0.305071, 11.884437 , -14.425446 , -6.486296
 T=160.500000, 1.107926, 0.769426, 0.321353, 12.446984 , -14.050635 , -6.330078
 T=161.000000, 1.075620, 0.804487, 0.337167, 12.993730 , -13.657987 , -6.165823
 T=161.500000, 1.042074, 0.838405, 0.352497, 13.524043 , -13.248065 , -5.993770
 T=162.000000, 1.007335, 0.871150, 0.367330, 14.037312 , -12.821445 , -5.814163
 T=162.500000, 0.971449, 0.902693, 0.381653, 14.532951 , -12.378723 , -5.627254
 T=163.000000, 0.934463, 0.933008, 0.395454, 15.010398 , -11.920504 , -5.433301
 T=163.500000, 0.896425, 0.962069, 0.408720, 15.469113 , -11.447409 , -5.232567
 T=164.000000, 0.857383, 0.989850, 0.421440, 15.908582 , -10.960071 , -5.025322
 T=164.500000, 0.817384, 1.016331, 0.433604, 16.328312 , -10.459133 , -4.811842
 T=165.000000, 0.776477, 1.041488, 0.445201, 16.727836 , -9.945253 , -4.592407
 T=165.500000, 0.734709, 1.065301, 0.456221, 17.106711 , -9.419095 , -4.367303
 T=166.000000, 0.692130, 1.087751, 0.466656, 17.464518 , -8.881336 , -4.136821
 T=166.500000, 0.648787, 1.108821, 0.476497, 17.800862 , -8.332663 , -3.901254
 T=167.000000, 0.604730, 1.128492, 0.485736, 18.115371 , -7.773768 , -3.660902
 T=167.500000, 0.560008, 1.146751, 0.494365, 18.407700 , -7.205355 , -3.416067
 T=168.000000, 0.514668, 1.163580, 0.502377, 18.677527 , -6.628134 , -3.167056
 T=168.500000, 0.468761, 1.178969, 0.509766, 18.924554 , -6.042822 , -2.914180
 T=169.000000, 0.422335, 1.192903, 0.516525, 19.148509 , -5.450142 , -2.657750
 T=169.500000, 0.375440, 1.205371, 0.522649, 19.349143 , -4.850825 , -2.398083
 T=170.000000, 0.328124, 1.216364, 0.528132, 19.526233 , -4.245605 , -2.135499
 T=170.500000, 0.280439, 1.225871, 0.532970, 19.679581 , -3.635222 , -1.870318
 T=171.000000, 0.232432, 1.233885, 0.537159, 19.809011 , -3.020421 , -1.602863
 T=171.500000, 0.184154, 1.240399, 0.540694, 19.914374 , -2.401951 , -1.333461
 T=172.000000, 0.135656, 1.245405, 0.543572, 19.995548 , -1.780563 , -1.062440
 T=172.500000, 0.086985, 1.248898, 0.545790, 20.052431 , -1.157012 , -0.790128
 T=173.000000, 0.038194, 1.250876, 0.547345, 20.084949 , -0.532055 , -0.516856
 T=173.500000, -0.010668, 1.251333, 0.548236, 20.093054 , 0.093548 , -0.242955
 T=174.000000, -0.059551, 1.250268, 0.548460, 20.076721 , 0.719037 , 0.031241
 T=174.500000, -0.108403, 1.247679, 0.548017, 20.035952 , 1.343652 , 0.305398
 T=175.000000, -0.157175, 1.243567, 0.546905, 19.970772 , 1.966629 , 0.579184
 T=175.500000, -0.205814, 1.237932, 0.545124, 19.881234 , 2.587207 , 0.852263
 T=176.000000, -0.254270, 1.230776, 0.542674, 19.767416 , 3.204625 , 1.124301
 T=176.500000, -0.302492, 1.222101, 0.539556, 19.629420 , 3.818124 , 1.394964
 T=177.000000, -0.350428, 1.211913, 0.535771, 19.467376 , 4.426945 , 1.663918
 T=177.500000, -0.398026, 1.200216, 0.531320, 19.281437 , 5.030332 , 1.930830
 T=178.000000, -0.445235, 1.187016, 0.526206, 19.071785 , 5.627531 , 2.195366
 T=178.500000, -0.492002, 1.172321, 0.520430, 18.838626 , 6.217795 , 2.457197
 T=179.000000, -0.538275, 1.156140, 0.513997, 18.582192 , 6.800376 , 2.715992
 T=179.500000, -0.584002, 1.138482, 0.506909, 18.302742 , 7.374534 , 2.971422
 T=180.000000, -0.629131, 1.119359, 0.499170, 18.000561 , 7.939532 , 3.223162
 T=180.500000, -0.673607, 1.098783, 0.490787, 17.675961 , 8.494642 , 3.470888
 T=181.000000, -0.717379, 1.076768, 0.481762, 17.329278 , 9.039139 , 3.714277
 T=181.500000, -0.760393, 1.053329, 0.472104, 16.960878 , 9.572307 , 3.953011
 T=182.000000, -0.802597, 1.028482, 0.461817, 16.571151 , 10.093439 , 4.186774
 T=182.500000, -0.843937, 1.002246, 0.450910, 16.160515 , 10.601834 , 4.415254
 T=183.000000, -0.884359, 0.974641, 0.439390, 15.729413 , 11.096802 , 4.638143
 T=183.500000, -0.923812, 0.945688, 0.427266, 15.278315 , 11.577663 , 4.855135
 T=184.000000, -0.962240, 0.915408, 0.414547, 14.807719 , 12.043748 , 5.065930
 T=184.500000, -0.999593, 0.883828, 0.401243, 14.318149 , 12.494400 , 5.270234
 T=185.000000, -1.035815, 0.850973, 0.387364, 13.810155 , 12.928974 , 5.467756
 T=185.500000, -1.070855, 0.816870, 0.372922, 13.284314 , 13.346838 , 5.658212
 T=186.000000, -1.104661, 0.781550, 0.357929, 12.741228 , 13.747375 , 5.841322
 T=186.500000, -1.137178, 0.745044, 0.342399, 12.181527 , 14.129985 , 6.016814
 T=187.000000, -1.168357, 0.707386, 0.326346, 11.605866 , 14.494081 , 6.184423
 T=187.500000, -1.198145, 0.668611, 0.309783, 11.014927 , 14.839095 , 6.343890
 T=188.000000, -1.226492, 0.628757, 0.292727, 10.409416 , 15.164477 , 6.494964
 T=188.500000, -1.253346, 0.587862, 0.275195, 9.790065 , 15.469696 , 6.637402
 T=189.000000, -1.278660, 0.545968, 0.257203, 9.157632 , 15.754241 , 6.770970
 T=189.500000, -1.302383, 0.503120, 0.238771, 8.512898 , 16.017623 , 6.895442
 T=190.000000, -1.324469, 0.459362, 0.219917, 7.856668 , 16.259374 , 7.010602
 T=190.500000, -1.344870, 0.414743, 0.200662, 7.189773 , 16.479050 , 7.116244
 T=191.000000, -1.363542, 0.369313, 0.181027, 6.513064 , 16.676232 , 7.212172
 T=191.500000, -1.380439, 0.323123, 0.161035, 5.827418 , 16.850526 , 7.298202
 T=192.000000, -1.395519, 0.276230, 0.140709, 5.133729 , 17.001564 , 7.374159
 T=192.500000, -1.408741, 0.228688, 0.120072, 4.432917 , 17.129008 , 7.439883
 T=193.000000, -1.420066, 0.180559, 0.099151, 3.725920 , 17.232546 , 7.495223
 T=193.500000, -1.429455, 0.131902, 0.077972, 3.013694 , 17.311898 , 7.540043
 T=194.000000, -1.436874, 0.082781, 0.056562, 2.297215 , 17.366814 , 7.574221
 T=194.500000, -1.442290, 0.033261, 0.034949, 1.577476 , 17.397078 , 7.597647
 T=195.000000, -1.445670, -0.016589, 0.013162, 0.855486 , 17.402504 , 7.610226
 T=195.500000, -1.446988, -0.066700, -0.008768, 0.132269 , 17.382944 , 7.611878
 T=196.000000, -1.446218, -0.117000, -0.030810, -0.591139 , 17.338283 , 7.602539
 T=196.500000, -1.443336, -0.167415, -0.052933, -1.313687 , 17.268443 , 7.582159
 T=197.000000, -1.438323, -0.217870, -0.075103, -2.034315 , 17.173383 , 7.550706
 T=197.500000, -1.431164, -0.268288, -0.097287, -2.751954 , 17.053101 , 7.508163
 T=198.000000, -1.421844, -0.318589, -0.119450, -3.465529 , 16.907633 , 7.454531
 T=198.500000, -1.410355, -0.368692, -0.141558, -4.173955 , 16.737055 , 7.389828
 T=199.000000, -1.396691, -0.418517, -0.163575, -4.876148 , 16.541485 , 7.314091
 T=199.500000, -1.380850, -0.467979, -0.185463, -5.571019 , 16.321081 , 7.227373
 T=200.000000, -1.362836, -0.516995, -0.207187, -6.257481 , 16.076043 , 7.129746
 T=200.500000, -1.342654, -0.565480, -0.228708, -6.934447 , 15.806612 , 7.021301
 T=201.000000, -1.320315, -0.613347, -0.249990, -7.600836 , 15.513075 , 6.902148
 T=201.500000, -1.295835, -0.660510, -0.270993, -8.255574 , 15.195759 , 6.772415
 T=202.000000, -1.269235, -0.706884, -0.291681, -8.897593 , 14.855036 , 6.632250
 T=202.500000, -1.240538, -0.752381, -0.312014, -9.525840 , 14.491319 , 6.481819
 T=203.000000, -1.209775, -0.796915, -0.331955, -10.139271 , 14.105067 , 6.321309
 T=203.500000, -1.176979, -0.840401, -0.351465, -10.736863 , 13.696780 , 6.150923
 T=204.000000, -1.142191, -0.882752, -0.370506, -11.317607 , 13.267002 , 5.970886
 T=204.500000, -1.105454, -0.923886, -0.389042, -11.880516 , 12.816319 , 5.781441
 T=205.000000, -1.066817, -0.963719, -0.407035, -12.424627 , 12.345358 , 5.582848
 T=205.500000, -1.026335, -1.002171, -0.424449, -12.949002 , 11.854788 , 5.375388
 T=206.000000, -0.984066, -1.039161, -0.441248, -13.452731 , 11.345318 , 5.159358
 T=206.500000, -0.940073, -1.074613, -0.457398, -13.934935 , 10.817695 , 4.935072
 T=207.000000, -0.894426, -1.108452, -0.472864, -14.394768 , 10.272707 , 4.702865
 T=207.500000, -0.847197, -1.140607, -0.487615, -14.831418 , 9.711175 , 4.463083
 T=208.000000, -0.798464, -1.171007, -0.501619, -15.244112 , 9.133958 , 4.216093
 T=208.500000, -0.748308, -1.199587, -0.514846, -15.632116 , 8.541948 , 3.962275
 T=209.000000, -0.696814, -1.226286, -0.527268, -15.994737 , 7.936068 , 3.702023
 T=209.500000, -0.644074, -1.251045, -0.538858, -16.331327 , 7.317273 , 3.435746
 T=210.000000, -0.590179, -1.273810, -0.549590, -16.641283 , 6.686545 , 3.163867
 T=210.500000, -0.535227, -1.294531, -0.559443, -16.924050 , 6.044892 , 2.886818
 T=211.000000, -0.479318, -1.313162, -0.568393, -17.179122 , 5.393348 , 2.605045
 T=211.500000, -0.422553, -1.329663, -0.576423, -17.406042 , 4.732966 , 2.319004
 T=212.000000, -0.365039, -1.343997, -0.583514, -17.604406 , 4.064819 , 2.029158
 T=212.500000, -0.306883, -1.356135, -0.589652, -17.773865 , 3.389998 , 1.735980
 T=213.000000, -0.248194, -1.366050, -0.594824, -17.914121 , 2.709608 , 1.439950
 T=213.500000, -0.189081, -1.373722, -0.599020, -18.024933 , 2.024764 , 1.141554
 T=214.000000, -0.129659, -1.379136, -0.602231, -18.106114 , 1.336591 , 0.841281
 T=214.500000, -0.070037, -1.382282, -0.604451, -18.157534 , 0.646221 , 0.539625
 T=215.000000, -0.010330, -1.383156, -0.605678, -18.179120 , -0.045210 , 0.237082
 T=215.500000, 0.049349, -1.381759, -0.605909, -18.170854 , -0.736567 , -0.065850
 T=216.000000, 0.108888, -1.378098, -0.605147, -18.132775 , -1.426716 , -0.368674
 T=216.500000, 0.168176, -1.372184, -0.603395, -18.064978 , -2.114527 , -0.670894
 T=217.000000, 0.227102, -1.364035, -0.600658, -17.967615 , -2.798878 , -0.972016
 T=217.500000, 0.285557, -1.353674, -0.596946, -17.840890 , -3.478655 , -1.271550
 T=218.000000, 0.343432, -1.341126, -0.592268, -17.685063 , -4.152758 , -1.569009
 T=218.500000, 0.400624, -1.326426, -0.586637, -17.500449 , -4.820101 , -1.863915
 T=219.000000, 0.457029, -1.309609, -0.580068, -17.287411 , -5.479617 , -2.155794
 T=219.500000, 0.512547, -1.290718, -0.572578, -17.046366 , -6.130256 , -2.444181
 T=220.000000, 0.567082, -1.269798, -0.564186, -16.777780 , -6.770990 , -2.728618
 T=220.500000, 0.620539, -1.246899, -0.554912, -16.482165 , -7.400817 , -3.008661
 T=221.000000, 0.672828, -1.222076, -0.544778, -16.160080 , -8.018760 , -3.283871
 T=221.500000, 0.723862, -1.195386, -0.533809, -15.812130 , -8.623869 , -3.553826
 T=222.000000, 0.773560, -1.166890, -0.522030, -15.438960 , -9.215223 , -3.818114
 T=222.500000, 0.821842, -1.136652, -0.509468, -15.041257 , -9.791935 , -4.076334
 T=223.000000, 0.868633, -1.104739, -0.496151, -14.619745 , -10.353148 , -4.328102
 T=223.500000, 0.913865, -1.071221, -0.482110, -14.175186 , -10.898041 , -4.573048
 T=224.000000, 0.957470, -1.036170, -0.467373, -13.708374 , -11.425827 , -4.810815
 T=224.500000, 0.999389, -0.999659, -0.451974, -13.220136 , -11.935756 , -5.041063
 T=225.000000, 1.039564, -0.961765, -0.435944, -12.711329 , -12.427114 , -5.263469
 T=225.500000, 1.077943, -0.922565, -0.419316, -12.182837 , -12.899229 , -5.477723
 T=226.000000, 1.114479, -0.882137, -0.402125, -11.635567 , -13.351464 , -5.683536
 T=226.500000, 1.149129, -0.840560, -0.384404, -11.070453 , -13.783224 , -5.880633
 T=227.000000, 1.181855, -0.797917, -0.366189, -10.488445 , -14.193951 , -6.068756
 T=227.500000, 1.212622, -0.754285, -0.347513, -9.890513 , -14.583132 , -6.247666
 T=228.000000, 1.241401, -0.709749, -0.328412, -9.277645 , -14.950289 , -6.417142
 T=228.500000, 1.268166, -0.664387, -0.308922, -8.650839 , -15.294990 , -6.576978
 T=229.000000, 1.292898, -0.618281, -0.289077, -8.011107 , -15.616838 , -6.726988
 T=229.500000, 1.315578, -0.571513, -0.268913, -7.359470 , -15.915482 , -6.867003
 T=230.000000, 1.336195, -0.524161, -0.248465, -6.696957 , -16.190607 , -6.996869
 T=230.500000, 1.354739, -0.476306, -0.227766, -6.024601 , -16.441939 , -7.116454
 T=231.000000, 1.371205, -0.428027, -0.206852, -5.343441 , -16.669245 , -7.225640
 T=231.500000, 1.385592, -0.379400, -0.185757, -4.654515 , -16.872330 , -7.324326
 T=232.000000, 1.397902, -0.330502, -0.164513, -3.958864 , -17.051038 , -7.412430
 T=232.500000, 1.408140, -0.281408, -0.143155, -3.257524 , -17.205249 , -7.489885
 T=233.000000, 1.416314, -0.232193, -0.121714, -2.551530 , -17.334883 , -7.556641
 T=233.500000, 1.422437, -0.182928, -0.100223, -1.841911 , -17.439896 , -7.612665
 T=234.000000, 1.426522, -0.133685, -0.078712, -1.129689 , -17.520278 , -7.657936
 T=234.500000, 1.428588, -0.084533, -0.057213, -0.415880 , -17.576056 , -7.692454
 T=235.000000, 1.428653, -0.035539, -0.035754, 0.298510 , -17.607291 , -7.716230
 T=235.500000, 1.426739, 0.013231, -0.014366, 1.012487 , -17.614077 , -7.729291
 T=236.000000, 1.422873, 0.061713, 0.006924, 1.725067 , -17.596540 , -7.731679
 T=236.500000, 1.417079, 0.109844, 0.028087, 2.435279 , -17.554838 , -7.723449
 T=237.000000, 1.409387, 0.157565, 0.049098, 3.142165 , -17.489161 , -7.704671
 T=237.500000, 1.399828, 0.204816, 0.069929, 3.844784 , -17.399727 , -7.675428
 T=238.000000, 1.388433, 0.251542, 0.090556, 4.542209 , -17.286783 , -7.635813
 T=238.500000, 1.375237, 0.297687, 0.110954, 5.233530 , -17.150604 , -7.585936
 T=239.000000, 1.360275, 0.343198, 0.131099, 5.917854 , -16.991493 , -7.525915
 T=239.500000, 1.343583, 0.388025, 0.150969, 6.594306 , -16.809779 , -7.455883
 T=240.000000, 1.325201, 0.432118, 0.170542, 7.262031 , -16.605815 , -7.375981
 T=240.500000, 1.305167, 0.475430, 0.189796, 7.920191 , -16.379977 , -7.286365
 T=241.000000, 1.283521, 0.517915, 0.208710, 8.567970 , -16.132668 , -7.187197
 T=241.500000, 1.260304, 0.559530, 0.227266, 9.204570 , -15.864311 , -7.078651
 T=242.000000, 1.235560, 0.600232, 0.245443, 9.829217 , -15.575349 , -6.960913
 T=242.500000, 1.209331, 0.639982, 0.263224, 10.441156 , -15.266249 , -6.834174
 T=243.000000, 1.181659, 0.678741, 0.280591, 11.039654 , -14.937496 , -6.698637
 T=243.500000, 1.152591, 0.716471, 0.297528, 11.624000 , -14.589593 , -6.554512
 T=244.000000, 1.122170, 0.753138, 0.314018, 12.193505 , -14.223063 , -6.402019
 T=244.500000, 1.090443, 0.788708, 0.330046, 12.747505 , -13.838445 , -6.241384
 T=245.000000, 1.057454, 0.823149, 0.345598, 13.285355 , -13.436294 , -6.072842
 T=245.500000, 1.023251, 0.856430, 0.360658, 13.806435 , -13.017183 , -5.896634
 T=246.000000, 0.987879, 0.888523, 0.375214, 14.310149 , -12.581697 , -5.713009
 T=246.500000, 0.951387, 0.919399, 0.389254, 14.795923 , -12.130438 , -5.522221
 T=247.000000, 0.913821, 0.949032, 0.402764, 15.263208 , -11.664019 , -5.324533
 T=247.500000, 0.875229, 0.977397, 0.415733, 15.711477 , -11.183069 , -5.120210
 T=248.000000, 0.835659, 1.004471, 0.428151, 16.140227 , -10.688225 , -4.909526
 T=248.500000, 0.795158, 1.030231, 0.440006, 16.548981 , -10.180139 , -4.692760
 T=249.000000, 0.753775, 1.054657, 0.451289, 16.937284 , -9.659472 , -4.470195
 T=249.500000, 0.711558, 1.077728, 0.461991, 17.304706 , -9.126896 , -4.242118
 T=250.000000, 0.668556, 1.099427, 0.472103, 17.650842 , -8.583093 , -4.008822
 T=250.500000, 0.624818, 1.119735, 0.481616, 17.975308 , -8.028752 , -3.770606
 T=251.000000, 0.580391, 1.138637, 0.490523, 18.277748 , -7.464573 , -3.527768
 T=251.500000, 0.535326, 1.156117, 0.498816, 18.557829 , -6.891263 , -3.280616
 T=252.000000, 0.489670, 1.172161, 0.506489, 18.815243 , -6.309535 , -3.029456
 T=252.500000, 0.443474, 1.186757, 0.513534, 19.049705 , -5.720110 , -2.774600
 T=253.000000, 0.396785, 1.199893, 0.519947, 19.260956 , -5.123715 , -2.516364
 T=253.500000, 0.349655, 1.211557, 0.525722, 19.448762 , -4.521084 , -2.255064
 T=254.000000, 0.302131, 1.221739, 0.530854, 19.612912 , -3.912953 , -1.991022
 T=254.500000, 0.254264, 1.230433, 0.535338, 19.753220 , -3.300066 , -1.724559
 T=255.000000, 0.206103, 1.237628, 0.539170, 19.869527 , -2.683169 , -1.456001
 T=255.500000, 0.157699, 1.243319, 0.542347, 19.961697 , -2.063012 , -1.185675
 T=256.000000, 0.109100, 1.247500, 0.544865, 20.029618 , -1.440349 , -0.913907
 T=256.500000, 0.060357, 1.250166, 0.546721, 20.073206 , -0.815937 , -0.641030
 T=257.000000, 0.011521, 1.251314, 0.547914, 20.092399 , -0.190533 , -0.367374
 T=257.500000, -0.037358, 1.250940, 0.548441, 20.087163 , 0.435103 , -0.093271
 T=258.000000, -0.086231, 1.249043, 0.548301, 20.057486 , 1.060209 , 0.180946
 T=258.500000, -0.135045, 1.245623, 0.547492, 20.003384 , 1.684024 , 0.454942
 T=259.000000, -0.183751, 1.240679, 0.546015, 19.924897 , 2.305786 , 0.728383
 T=259.500000, -0.232297, 1.234213, 0.543869, 19.822091 , 2.924733 , 1.000936
 T=260.000000, -0.280631, 1.226228, 0.541055, 19.695058 , 3.540106 , 1.272265
 T=260.500000, -0.328704, 1.216726, 0.537572, 19.543914 , 4.151144 , 1.542036
 T=261.000000, -0.376462, 1.205714, 0.533424, 19.368802 , 4.757092 , 1.809916
 T=261.500000, -0.423854, 1.193195, 0.528610, 19.169892 , 5.357194 , 2.075572
 T=262.000000, -0.470828, 1.179178, 0.523134, 18.947378 , 5.950700 , 2.338672
 T=262.500000, -0.517332, 1.163671, 0.516999, 18.701480 , 6.536861 , 2.598886
 T=263.000000, -0.563314, 1.146682, 0.510208, 18.432445 , 7.114935 , 2.855885
 T=263.500000, -0.608720, 1.128223, 0.502764, 18.140547 , 7.684183 , 3.109341
 T=264.000000, -0.653499, 1.108304, 0.494673, 17.826085 , 8.243873 , 3.358929
 T=264.500000, -0.697597, 1.086941, 0.485939, 17.489384 , 8.793277 , 3.604327
 T=265.000000, -0.740962, 1.064146, 0.476567, 17.130797 , 9.331678 , 3.845214
 T=265.500000, -0.783541, 1.039936, 0.466565, 16.750702 , 9.858361 , 4.081273
 T=266.000000, -0.825279, 1.014329, 0.455939, 16.349505 , 10.372625 , 4.312190
 T=266.500000, -0.866125, 0.987343, 0.444696, 15.927637 , 10.873775 , 4.537655
 T=267.000000, -0.906025, 0.958999, 0.432845, 15.485557 , 11.361124 , 4.757362
 T=267.500000, -0.944925, 0.929319, 0.420395, 15.023749 , 11.834000 , 4.971008
 T=268.000000, -0.982773, 0.898326, 0.407355, 14.542727 , 12.291740 , 5.178295
 T=268.500000, -1.019515, 0.866046, 0.393736, 14.043027 , 12.733693 , 5.378932
 T=269.000000, -1.055098, 0.832506, 0.379548, 13.525214 , 13.159220 , 5.572631
 T=269.500000, -1.089471, 0.797735, 0.364804, 12.989880 , 13.567700 , 5.759110
 T=270.000000, -1.122579, 0.761764, 0.349516, 12.437642 , 13.958523 , 5.938094
 T=270.500000, -1.154373, 0.724624, 0.333698, 11.869144 , 14.331096 , 6.109315
 T=271.000000, -1.184798, 0.686352, 0.317365, 11.285054 , 14.684843 , 6.272510
 T=271.500000, -1.213806, 0.646982, 0.300531, 10.686069 , 15.019205 , 6.427425
 T=272.000000, -1.241344, 0.606554, 0.283213, 10.072908 , 15.333642 , 6.573814
 T=272.500000, -1.267363, 0.565109, 0.265427, 9.446318 , 15.627636 , 6.711437
 T=273.000000, -1.291815, 0.522688, 0.247192, 8.807069 , 15.900685 , 6.840066
 T=273.500000, -1.314650, 0.479338, 0.228527, 8.155956 , 16.152312 , 6.959480
 T=274.000000, -1.335822, 0.435103, 0.209452, 7.493798 , 16.382064 , 7.069468
 T=274.500000, -1.355284, 0.390035, 0.189987, 6.821437 , 16.589509 , 7.169830
 T=275.000000, -1.372992, 0.344183, 0.170154, 6.139737 , 16.774241 , 7.260376
 T=275.500000, -1.388902, 0.297603, 0.149976, 5.449586 , 16.935881 , 7.340926
 T=276.000000, -1.402973, 0.250348, 0.129478, 4.751893 , 17.074076 , 7.411315
 T=276.500000, -1.415164, 0.202478, 0.108683, 4.047585 , 17.188504 , 7.471387
 T=277.000000, -1.425436, 0.154052, 0.087618, 3.337612 , 17.278869 , 7.520999
 T=277.500000, -1.433754, 0.105134, 0.066309, 2.622941 , 17.344907 , 7.560023
 T=278.000000, -1.440083, 0.055787, 0.044784, 1.904557 , 17.386388 , 7.588343
 T=278.500000, -1.444391, 0.006078, 0.023073, 1.183462 , 17.403110 , 7.605857
 T=279.000000, -1.446649, -0.043923, 0.001204, 0.460673 , 17.394910 , 7.612479
 T=279.500000, -1.446829, -0.094146, -0.020791, -0.262778 , 17.361656 , 7.608136
 T=280.000000, -1.444909, -0.144519, -0.042882, -0.985847 , 17.303253 , 7.592773
 T=280.500000, -1.440866, -0.194965, -0.065035, -1.707480 , 17.219645 , 7.566350
 T=281.000000, -1.434682, -0.245410, -0.087217, -2.426610 , 17.110810 , 7.528842
 T=281.500000, -1.426345, -0.295774, -0.109394, -3.142165 , 16.976769 , 7.480243
 T=282.000000, -1.415841, -0.345977, -0.131531, -3.853063 , 16.817578 , 7.420563
 T=282.500000, -1.403165, -0.395938, -0.153594, -4.558221 , 16.633336 , 7.349829
 T=283.000000, -1.388313, -0.445576, -0.175545, -5.256552 , 16.424184 , 7.268088
 T=283.500000, -1.371284, -0.494805, -0.197348, -5.946967 , 16.190301 , 7.175403
 T=284.000000, -1.352085, -0.543541, -0.218966, -6.628378 , 15.931910 , 7.071857
 T=284.500000, -1.330723, -0.591699, -0.240361, -7.299703 , 15.649279 , 6.957550
 T=285.000000, -1.307213, -0.639193, -0.261495, -7.959864 , 15.342714 , 6.832603
 T=285.500000, -1.281573, -0.685936, -0.282331, -8.607789 , 15.012567 , 6.697154
 T=286.000000, -1.253824, -0.731842, -0.302830, -9.242418 , 14.659234 , 6.551361
 T=286.500000, -1.223995, -0.776824, -0.322954, -9.862704 , 14.283152 , 6.395402
 T=287.000000, -1.192118, -0.820796, -0.342664, -10.467613 , 13.884803 , 6.229473
 T=287.500000, -1.158229, -0.863673, -0.361923, -11.056129 , 13.464711 , 6.053788
 T=288.000000, -1.122370, -0.905370, -0.380693, -11.627255 , 13.023442 , 5.868582
 T=288.500000, -1.084589, -0.945804, -0.398937, -12.180018 , 12.561605 , 5.674108
 T=289.000000, -1.044938, -0.984893, -0.416618, -12.713467 , 12.079851 , 5.470638
 T=289.500000, -1.003472, -1.022556, -0.433701, -13.226680 , 11.578870 , 5.258459
 T=290.000000, -0.960254, -1.058716, -0.450150, -13.718763 , 11.059393 , 5.037881
 T=290.500000, -0.915349, -1.093296, -0.465930, -14.188854 , 10.522187 , 4.809228
 T=291.000000, -0.868829, -1.126224, -0.481010, -14.636126 , 9.968061 , 4.572840
 T=291.500000, -0.820768, -1.157429, -0.495357, -15.059789 , 9.397855 , 4.329076
 T=292.000000, -0.771247, -1.186843, -0.508940, -15.459089 , 8.812448 , 4.078309
 T=292.500000, -0.720350, -1.214404, -0.521731, -15.833316 , 8.212747 , 3.820928
 T=293.000000, -0.668164, -1.240050, -0.533702, -16.181801 , 7.599694 , 3.557334
 T=293.500000, -0.614782, -1.263727, -0.544826, -16.503919 , 6.974260 , 3.287945
 T=294.000000, -0.560297, -1.285381, -0.555081, -16.799094 , 6.337440 , 3.013188
 T=294.500000, -0.504810, -1.304966, -0.564443, -17.066798 , 5.690256 , 2.733504
 T=295.000000, -0.448421, -1.322439, -0.572893, -17.306550 , 5.033754 , 2.449343
 T=295.500000, -0.391234, -1.337761, -0.580412, -17.517924 , 4.368997 , 2.161166
 T=296.000000, -0.333356, -1.350899, -0.586985, -17.700545 , 3.697070 , 1.869442
 T=296.500000, -0.274895, -1.361826, -0.592597, -17.854091 , 3.019070 , 1.574647
 T=297.000000, -0.215961, -1.370518, -0.597237, -17.978295 , 2.336109 , 1.277264
 T=297.500000, -0.156665, -1.376959, -0.600896, -18.072947 , 1.649307 , 0.977782
 T=298.000000, -0.097120, -1.381135, -0.603566, -18.137889 , 0.959794 , 0.676692
 T=298.500000, -0.037438, -1.383041, -0.605244, -18.173024 , 0.268704 , 0.374491
 T=299.000000, 0.022268, -1.382674, -0.605927, -18.178308 , -0.422827 , 0.071674
 T=299.500000, 0.081885, -1.380040, -0.605616, -18.153754 , -1.113665 , -0.231261
 T=300.000000, 0.141301, -1.375147, -0.604312, -18.099432 , -1.802677 , -0.533816
 T=300.500000, 0.200405, -1.368010, -0.602022, -18.015468 , -2.488737 , -0.835498
 T=301.000000, 0.259087, -1.358649, -0.598751, -17.902043 , -3.170727 , -1.135813
 T=301.500000, 0.317238, -1.347090, -0.594510, -17.759391 , -3.847541 , -1.434274
 T=302.000000, 0.374753, -1.333363, -0.589310, -17.587803 , -4.518086 , -1.730398
 T=302.500000, 0.431528, -1.317502, -0.583165, -17.387619 , -5.181286 , -2.023709
 T=303.000000, 0.487461, -1.299547, -0.576091, -17.159234 , -5.836083 , -2.313738
 T=303.500000, 0.542454, -1.279542, -0.568106, -16.903089 , -6.481439 , -2.600024
 T=304.000000, 0.596411, -1.257535, -0.559229, -16.619677 , -7.116340 , -2.882116
 T=304.500000, 0.649241, -1.233579, -0.549483, -16.309537 , -7.739796 , -3.159573
 T=305.000000, 0.700855, -1.207729, -0.538890, -15.973251 , -8.350847 , -3.431966
 T=305.500000, 0.751170, -1.180045, -0.527475, -15.611447 , -8.948557 , -3.698876
 T=306.000000, 0.800104, -1.150589, -0.515265, -15.224794 , -9.532023 , -3.959899
 T=306.500000, 0.847580, -1.119429, -0.502288, -14.813998 , -10.100376 , -4.214642
 T=307.000000, 0.893528, -1.086630, -0.488571, -14.379805 , -10.652776 , -4.462730
 T=307.500000, 0.937880, -1.052266, -0.474147, -13.922995 , -11.188423 , -4.703799
 T=308.000000, 0.980572, -1.016409, -0.459044, -13.444379 , -11.706548 , -4.937501
 T=308.500000, 1.021545, -0.979133, -0.443296, -12.944803 , -12.206422 , -5.163506
 T=309.000000, 1.060745, -0.940516, -0.426936, -12.425136 , -12.687354 , -5.381498
 T=309.500000, 1.098124, -0.900636, -0.409997, -11.886277 , -13.148689 , -5.591178
 T=310.000000, 1.133635, -0.859571, -0.392512, -11.329147 , -13.589815 , -5.792264
 T=310.500000, 1.167238, -0.817402, -0.374517, -10.754689 , -14.010156 , -5.984491
 T=311.000000, 1.198898, -0.774209, -0.356046, -10.163866 , -14.409179 , -6.167612
 T=311.500000, 1.228583, -0.730073, -0.337134, -9.557656 , -14.786390 , -6.341397
 T=312.000000, 1.256265, -0.685076, -0.317816, -8.937053 , -15.141336 , -6.505634
 T=312.500000, 1.281922, -0.639298, -0.298128, -8.303063 , -15.473605 , -6.660126
 T=313.000000, 1.305536, -0.592821, -0.278104, -7.656704 , -15.782824 , -6.804698
 T=313.500000, 1.327091, -0.545724, -0.257780, -6.999002 , -16.068661 , -6.939189
 T=314.000000, 1.346576, -0.498088, -0.237191, -6.330986 , -16.330826 , -7.063457
 T=314.500000, 1.363986, -0.449992, -0.216371, -5.653695 , -16.569065 , -7.177377
 T=315.000000, 1.379317, -0.401513, -0.195354, -4.968167 , -16.783167 , -7.280841
 T=315.500000, 1.392569, -0.352728, -0.174173, -4.275441 , -16.972958 , -7.373758
 T=316.000000, 1.403747, -0.303715, -0.152863, -3.576556 , -17.138302 , -7.456055
 T=316.500000, 1.412857, -0.254546, -0.131456, -2.872547 , -17.279102 , -7.527673
 T=317.000000, 1.419909, -0.205295, -0.109984, -2.164447 , -17.395295 , -7.588572
 T=317.500000, 1.424918, -0.156033, -0.088478, -1.453282 , -17.486857 , -7.638725
 T=318.000000, 1.427898, -0.106832, -0.066970, -0.740069 , -17.553800 , -7.678125
 T=318.500000, 1.428868, -0.057758, -0.045489, -0.025820 , -17.596167 , -7.706774
 T=319.000000, 1.427850, -0.008878, -0.024065, 0.688467 , -17.614039 , -7.724696
 T=319.500000, 1.424867, 0.039742, -0.002727, 1.401801 , -17.607526 , -7.731923
 T=320.000000, 1.419945, 0.088040, 0.018497, 2.113207 , -17.576774 , -7.728506
 T=320.500000, 1.413111, 0.135955, 0.039580, 2.821720 , -17.521956 , -7.714507
 T=321.000000, 1.404395, 0.183426, 0.060496, 3.526391 , -17.443278 , -7.690004
 T=321.500000, 1.393830, 0.230397, 0.081218, 4.226287 , -17.340974 , -7.655085
 T=322.000000, 1.381447, 0.276812, 0.101723, 4.920490 , -17.215308 , -7.609853
 T=322.500000, 1.367282, 0.322618, 0.121986, 5.608100 , -17.066570 , -7.554421
 T=323.000000, 1.351372, 0.367762, 0.141984, 6.288232 , -16.895075 , -7.488917
 T=323.500000, 1.333752, 0.412194, 0.161694, 6.960023 , -16.701167 , -7.413478
 T=324.000000, 1.314463, 0.455866, 0.181095, 7.622627 , -16.485211 , -7.328253
 T=324.500000, 1.293544, 0.498732, 0.200166, 8.275218 , -16.247599 , -7.233400
 T=325.000000, 1.271035, 0.540747, 0.218887, 8.916991 , -15.988744 , -7.129090
 T=325.500000, 1.246979, 0.581869, 0.237238, 9.547159 , -15.709081 , -7.015502
 T=326.000000, 1.221419, 0.622056, 0.255202, 10.164958 , -15.409065 , -6.892824
 T=326.500000, 1.194397, 0.661269, 0.272759, 10.769647 , -15.089173 , -6.761256
 T=327.000000, 1.165957, 0.699471, 0.289893, 11.360504 , -14.749901 , -6.621004
 T=327.500000, 1.136145, 0.736625, 0.306588, 11.936831 , -14.391762 , -6.472282
 T=328.000000, 1.105005, 0.772697, 0.322828, 12.497951 , -14.015288 , -6.315315
 T=328.500000, 1.072583, 0.807654, 0.338597, 13.043210 , -13.621027 , -6.150334
 T=329.000000, 1.038926, 0.841466, 0.353882, 13.571979 , -13.209545 , -5.977576
 T=329.500000, 1.004079, 0.874101, 0.368669, 14.083650 , -12.781420 , -5.797287
 T=330.000000, 0.968090, 0.905533, 0.382944, 14.577638 , -12.337247 , -5.609719
 T=330.500000, 0.931006, 0.935733, 0.396696, 15.053383 , -11.877634 , -5.415131
 T=331.000000, 0.892874, 0.964677, 0.409913, 15.510348 , -11.403203 , -5.213787
 T=331.500000, 0.853741, 0.992340, 0.422582, 15.948020 , -10.914587 , -5.005957
 T=332.000000, 0.813657, 1.018699, 0.434694, 16.365910 , -10.412431 , -4.791918
 T=332.500000, 0.772669, 1.043734, 0.446238, 16.763553 , -9.897394 , -4.571950
 T=333.000000, 0.730825, 1.067422, 0.457205, 17.140507 , -9.370141 , -4.346339
 T=333.500000, 0.688173, 1.089747, 0.467586, 17.496355 , -8.831350 , -4.115377
 T=334.000000, 0.644763, 1.110688, 0.477372, 17.830705 , -8.281708 , -3.879357
 T=334.500000, 0.600643, 1.130230, 0.486555, 18.143188 , -7.721909 , -3.638580
 T=335.000000, 0.555862, 1.148358, 0.495127, 18.433459 , -7.152656 , -3.393349
 T=335.500000, 0.510468, 1.165056, 0.503082, 18.701201 , -6.574661 , -3.143970
 T=336.000000, 0.464511, 1.180311, 0.510413, 18.946117 , -5.988641 , -2.890753