0.000	100.000	100.000	100.000	100.000	100.000	100.000	100.000	100.000	100.000	100.000	100.000	100.000	100.000	100.000	100.000	100.000	100.000	100.000	100.000	100.000	100.000	100.000	100.000	100.000	100.000	0.000	
75.000	87.149	91.745	93.731	94.677	95.147	95.375	95.469	95.486	95.457	95.399	95.324	95.235	95.135	95.021	94.888	94.726	94.518	94.241	93.855	93.297	92.455	91.110	88.800	84.392	74.754	50.000	
75.000	81.861	86.114	88.525	89.856	90.568	90.920	91.057	91.063	90.989	90.865	90.710	90.532	90.334	90.112	89.854	89.542	89.148	88.628	87.917	86.909	85.436	83.208	79.710	74.025	64.629	50.000	
75.000	79.194	82.353	84.434	85.698	86.403	86.741	86.842	86.792	86.647	86.443	86.201	85.933	85.641	85.318	84.951	84.514	83.972	83.271	82.331	81.036	79.214	76.607	72.833	67.382	59.741	50.000	
75.000	77.586	79.703	81.209	82.160	82.677	82.882	82.870	82.715	82.469	82.167	81.830	81.471	81.089	80.679	80.223	79.693	79.051	78.238	77.176	75.757	73.834	71.215	67.665	62.948	56.960	50.000	
75.000	76.471	77.711	78.600	79.132	79.356	79.342	79.156	78.854	78.479	78.062	77.623	77.171	76.707	76.223	75.700	75.112	74.416	73.561	72.474	71.064	69.219	66.810	63.704	59.811	55.159	50.000	
75.000	75.620	76.120	76.422	76.503	76.382	76.097	75.694	75.213	74.687	74.141	73.593	73.050	72.511	71.967	71.400	70.784	70.081	69.242	68.207	66.904	65.251	63.164	60.576	57.460	53.876	50.000	
75.000	74.924	74.789	74.546	74.178	73.692	73.111	72.464	71.782	71.089	70.406	69.746	69.113	68.507	67.917	67.327	66.711	66.037	65.261	64.336	63.204	61.808	60.094	58.028	55.610	52.894	50.000	
75.000	74.327	73.631	72.887	72.085	71.232	70.343	69.439	68.544	67.676	66.850	66.076	65.358	64.693	64.070	63.474	62.882	62.266	61.589	60.811	59.890	58.783	57.457	55.891	54.092	52.103	50.000	
75.000	73.795	72.592	71.383	70.166	68.952	67.754	66.589	65.475	64.428	63.458	62.573	61.774	61.057	60.413	59.826	59.277	58.740	58.185	57.581	56.892	56.088	55.144	54.047	52.803	51.438	50.000	
75.000	73.308	71.635	69.987	68.374	66.808	65.304	63.879	62.548	61.322	60.210	59.217	58.342	57.582	56.926	56.361	55.868	55.426	55.010	54.593	54.147	53.647	53.074	52.416	51.674	50.860	50.000	
75.000	72.848	70.731	68.664	66.668	64.759	62.956	61.275	59.729	58.328	57.078	55.983	55.040	54.243	53.585	53.051	52.625	52.289	52.021	51.798	51.598	51.399	51.183	50.937	50.656	50.341	50.000	
75.000	72.403	69.854	67.380	65.009	62.765	60.669	58.737	56.982	55.413	54.032	52.842	51.837	51.013	50.359	49.864	49.512	49.288	49.173	49.147	49.192	49.287	49.416	49.562	49.714	49.862	50.000	
75.000	71.960	68.980	66.101	63.358	60.784	58.400	56.225	54.270	52.540	51.037	49.760	48.703	47.859	47.216	46.765	46.492	46.383	46.422	46.594	46.880	47.264	47.727	48.251	48.817	49.406	50.000	
75.000	71.504	68.083	64.792	61.675	58.771	56.104	53.693	51.547	49.668	48.055	46.702	45.602	44.745	44.121	43.718	43.527	43.533	43.725	44.090	44.614	45.280	46.071	46.964	47.936	48.959	50.000	
75.000	71.021	67.135	63.412	59.911	56.674	53.729	51.091	48.767	46.753	45.043	43.627	42.495	41.635	41.035	40.685	40.574	40.694	41.036	41.590	42.345	43.288	44.403	45.665	47.045	48.505	50.000	
75.000	70.489	66.095	61.911	58.008	54.433	51.215	48.364	45.878	43.747	41.959	40.497	39.346	38.492	37.922	37.625	37.595	37.824	38.308	39.042	40.021	41.236	42.675	44.312	46.113	48.029	50.000	
75.000	69.881	64.916	60.225	55.894	51.976	48.494	45.447	42.823	40.601	38.757	37.269	36.115	35.278	34.744	34.503	34.548	34.878	35.492	36.394	37.586	39.067	40.830	42.854	45.100	47.509	50.000	
75.000	69.159	63.528	58.266	53.478	49.215	45.485	42.272	39.543	37.263	35.395	33.906	32.769	31.962	31.469	31.281	31.395	31.812	32.541	33.592	34.979	36.714	38.801	41.229	43.958	46.918	50.000	
75.000	68.263	61.828	55.913	50.637	46.038	42.095	38.760	35.976	33.684	31.830	30.372	29.274	28.511	28.066	27.929	28.100	28.587	29.405	30.576	32.130	34.097	36.501	39.351	42.617	46.215	50.000	
75.000	67.098	59.662	52.992	47.210	42.309	38.215	34.832	32.060	29.816	28.027	26.638	25.607	24.905	24.512	24.421	24.634	25.165	26.037	27.287	28.963	31.120	33.818	37.101	40.968	45.335	50.000	
75.000	65.494	56.774	49.246	42.979	37.864	33.730	30.405	27.742	25.623	23.960	22.686	21.752	21.127	20.792	20.739	20.975	21.517	22.398	23.667	25.394	27.671	30.605	34.305	38.842	44.164	50.000	
75.000	63.128	52.733	44.288	37.660	32.515	28.522	25.411	22.981	21.084	19.617	18.507	17.704	17.175	16.901	16.878	17.113	17.626	18.457	19.667	21.345	23.620	26.668	30.705	35.948	42.486	50.000	
75.000	59.303	46.771	37.556	30.907	26.073	22.499	19.812	17.767	16.201	15.007	14.113	13.474	13.058	12.850	12.845	13.053	13.494	14.208	15.259	16.751	18.842	21.777	25.922	31.776	39.836	50.000	
75.000	52.328	37.514	28.287	22.376	18.413	15.638	13.626	12.131	11.006	10.159	9.531	9.085	8.798	8.658	8.662	8.817	9.142	9.669	10.456	11.596	13.251	15.700	19.449	25.406	35.086	50.000	
75.000	37.502	22.683	15.721	11.920	9.592	8.044	6.955	6.161	5.572	5.131	4.807	4.577	4.431	4.360	4.364	4.448	4.620	4.901	5.324	5.949	6.883	8.339	10.776	15.321	25.102	50.000	
0.000	0.000	0.000	0.000	0.000	0.000	0.000	0.000	0.000	0.000	0.000	0.000	0.000	0.000	0.000	0.000	0.000	0.000	0.000	0.000	0.000	0.000	0.000	0.000	0.000	0.000	0.003	

