0.000	100.000	100.000	100.000	100.000	100.000	100.000	100.000	100.000	100.000	100.000	100.000	100.000	100.000	100.000	100.000	100.000	100.000	100.000	100.000	100.000	100.000	100.000	100.000	100.000	100.000	0.000	
75.000	81.336	81.188	79.612	78.074	76.929	76.176	75.718	75.456	75.312	75.237	75.199	75.181	75.172	75.168	75.166	75.165	75.165	75.162	75.143	75.051	74.717	73.719	71.081	64.439	47.383	0.000	
75.000	71.408	67.041	62.902	59.614	57.286	55.769	54.843	54.306	54.009	53.851	53.770	53.729	53.710	53.701	53.696	53.694	53.693	53.688	53.653	53.496	52.963	51.494	47.980	40.411	25.511	0.000	
75.000	65.423	57.107	50.385	45.381	41.925	39.686	38.314	37.513	37.065	36.824	36.698	36.634	36.603	36.588	36.581	36.578	36.576	36.569	36.528	36.355	35.805	34.375	31.213	25.094	14.724	0.000	
75.000	61.694	50.456	41.635	35.182	30.756	27.890	26.126	25.089	24.503	24.184	24.016	23.930	23.887	23.866	23.857	23.852	23.849	23.842	23.805	23.655	23.197	22.061	19.687	15.406	8.739	0.000	
75.000	59.404	46.203	35.865	28.315	23.131	19.762	17.679	16.445	15.742	15.356	15.150	15.044	14.990	14.964	14.951	14.945	14.942	14.936	14.907	14.795	14.463	13.668	12.069	9.310	5.207	0.000	
75.000	58.042	43.602	32.252	23.934	18.202	14.460	12.132	10.745	9.949	9.508	9.271	9.148	9.085	9.054	9.039	9.032	9.028	9.023	9.003	8.928	8.710	8.201	7.201	5.519	3.075	0.000	
75.000	57.262	42.078	30.091	21.271	15.167	11.164	8.661	7.161	6.295	5.812	5.551	5.413	5.343	5.308	5.291	5.282	5.278	5.274	5.261	5.215	5.083	4.777	4.186	3.204	1.788	0.000	
75.000	56.832	41.220	28.852	19.720	13.377	9.201	6.578	4.999	4.083	3.570	3.290	3.143	3.066	3.028	3.009	3.000	2.996	2.992	2.984	2.957	2.881	2.708	2.373	1.820	1.021	0.000	
75.000	56.603	40.754	28.168	18.850	12.360	8.075	5.375	3.744	2.794	2.259	1.967	1.811	1.731	1.690	1.670	1.660	1.655	1.652	1.647	1.632	1.591	1.497	1.314	1.012	0.572	0.000	
75.000	56.485	40.510	27.803	18.379	11.803	7.452	4.704	3.039	2.067	1.518	1.217	1.056	0.972	0.930	0.909	0.898	0.893	0.890	0.887	0.879	0.858	0.808	0.712	0.551	0.314	0.000	
75.000	56.427	40.386	27.614	18.132	11.507	7.117	4.341	2.655	1.669	1.111	0.804	0.640	0.554	0.510	0.488	0.477	0.472	0.470	0.467	0.463	0.452	0.427	0.378	0.294	0.169	0.000	
75.000	56.398	40.325	27.519	18.006	11.354	6.942	4.149	2.452	1.457	0.893	0.583	0.416	0.329	0.284	0.262	0.251	0.246	0.243	0.241	0.239	0.234	0.221	0.196	0.154	0.089	0.000	
75.000	56.385	40.295	27.472	17.943	11.277	6.854	4.051	2.347	1.347	0.780	0.467	0.299	0.211	0.166	0.143	0.132	0.127	0.124	0.123	0.121	0.118	0.112	0.100	0.079	0.046	0.000	
75.000	56.378	40.281	27.450	17.913	11.239	6.809	4.002	2.294	1.292	0.722	0.408	0.239	0.151	0.105	0.082	0.071	0.065	0.063	0.061	0.060	0.059	0.056	0.050	0.040	0.024	0.000	
75.000	56.375	40.275	27.440	17.898	11.221	6.788	3.978	2.268	1.264	0.693	0.379	0.209	0.120	0.075	0.051	0.040	0.035	0.032	0.031	0.030	0.029	0.028	0.025	0.020	0.012	0.000	
75.000	56.374	40.272	27.435	17.892	11.213	6.778	3.966	2.255	1.250	0.679	0.364	0.194	0.105	0.059	0.036	0.025	0.019	0.017	0.015	0.015	0.014	0.013	0.012	0.010	0.006	0.000	
75.000	56.374	40.270	27.433	17.888	11.208	6.773	3.961	2.249	1.244	0.673	0.357	0.187	0.098	0.052	0.029	0.017	0.012	0.009	0.008	0.007	0.007	0.006	0.006	0.005	0.004	0.000	
75.000	56.372	40.266	27.427	17.882	11.203	6.768	3.957	2.245	1.240	0.669	0.353	0.184	0.094	0.048	0.025	0.014	0.008	0.006	0.004	0.004	0.003	0.003	0.004	0.008	0.008	0.000	
75.000	56.358	40.240	27.396	17.854	11.181	6.753	3.946	2.239	1.236	0.666	0.351	0.182	0.093	0.047	0.024	0.012	0.007	0.004	0.003	0.002	0.002	0.005	0.018	0.032	0.030	0.000	
75.000	56.289	40.122	27.267	17.741	11.096	6.696	3.911	2.218	1.225	0.660	0.348	0.180	0.091	0.046	0.023	0.011	0.006	0.003	0.002	0.001	0.007	0.032	0.080	0.121	0.102	0.000	
75.000	56.038	39.723	26.853	17.397	10.847	6.533	3.812	2.161	1.193	0.643	0.339	0.175	0.089	0.044	0.022	0.011	0.005	0.003	0.001	0.007	0.039	0.122	0.251	0.351	0.291	0.000	
75.000	55.289	38.621	25.781	16.546	10.251	6.151	3.583	2.031	1.122	0.606	0.320	0.166	0.084	0.042	0.021	0.010	0.005	0.002	0.005	0.032	0.122	0.317	0.605	0.853	0.754	0.000	
75.000	53.311	35.985	23.410	14.765	9.052	5.401	3.139	1.780	0.986	0.534	0.283	0.147	0.075	0.038	0.019	0.009	0.004	0.004	0.018	0.079	0.251	0.605	1.174	1.821	1.910	0.000	
75.000	48.329	30.308	18.820	11.554	6.982	4.139	2.403	1.365	0.759	0.413	0.221	0.115	0.059	0.030	0.015	0.007	0.004	0.007	0.032	0.120	0.351	0.853	1.821	3.444	5.097	0.000	
75.000	35.537	19.133	11.043	6.554	3.905	2.306	1.341	0.766	0.429	0.235	0.127	0.067	0.035	0.018	0.009	0.004	0.003	0.007	0.030	0.102	0.291	0.754	1.910	5.097	15.049	50.000	
0.000	0.000	0.000	0.000	0.000	0.000	0.000	0.000	0.000	0.000	0.000	0.000	0.000	0.000	0.000	0.000	0.000	0.000	0.000	0.000	0.000	0.000	0.000	0.000	0.000	0.000	0.934	

