0.000	100.000	100.000	100.000	100.000	100.000	100.000	100.000	100.000	100.000	100.000	100.000	100.000	100.000	100.000	100.000	100.000	100.000	100.000	100.000	100.000	100.000	100.000	100.000	100.000	100.000	0.000	
75.000	87.171	91.784	93.781	94.727	95.186	95.389	95.440	95.394	95.278	95.108	94.891	94.628	94.315	93.944	93.502	92.967	92.308	91.478	90.401	88.953	86.911	83.845	78.830	69.610	49.922	0.000	
75.000	81.902	86.189	88.619	89.950	90.640	90.939	90.990	90.870	90.625	90.279	89.844	89.321	88.703	87.974	87.110	86.071	84.800	83.214	81.185	78.509	74.853	69.646	61.869	49.692	30.080	0.000	
75.000	79.253	82.458	84.566	85.829	86.498	86.758	86.730	86.493	86.095	85.563	84.910	84.134	83.227	82.165	80.916	79.428	77.628	75.414	72.632	69.059	64.360	58.027	49.314	37.211	20.708	0.000	
75.000	77.660	79.836	81.374	82.321	82.789	82.889	82.708	82.308	81.732	81.003	80.131	79.114	77.938	76.578	74.993	73.127	70.900	68.206	64.893	60.756	55.516	48.801	40.159	29.137	15.544	0.000	
75.000	76.558	77.865	78.790	79.315	79.477	79.333	78.939	78.338	77.561	76.626	75.540	74.295	72.877	71.256	69.391	67.223	64.676	61.648	58.006	53.582	48.166	41.519	33.397	23.641	12.333	0.000	
75.000	75.716	76.291	76.631	76.700	76.503	76.065	75.418	74.589	73.596	72.451	71.156	69.701	68.069	66.228	64.139	61.745	58.975	55.742	51.936	47.428	42.074	35.730	28.282	19.707	10.151	0.000	
75.000	75.028	74.972	74.767	74.382	73.807	73.051	72.128	71.053	69.837	68.483	66.989	65.343	63.525	61.505	59.244	56.692	53.786	50.452	46.606	42.154	37.000	31.066	24.309	16.762	8.568	0.000	
75.000	74.435	73.821	73.114	72.288	71.334	70.250	69.042	67.715	66.274	64.718	63.038	61.221	59.246	57.085	54.701	52.049	49.076	45.723	41.925	37.617	32.738	27.249	21.145	14.475	7.362	0.000	
75.000	73.906	72.784	71.609	70.362	69.035	67.624	66.130	64.553	62.892	61.142	59.291	57.325	55.222	52.954	50.489	47.786	44.803	41.491	37.801	33.689	29.119	24.074	18.565	12.643	6.408	0.000	
75.000	73.418	71.824	70.207	68.556	66.867	65.135	63.360	61.540	59.668	57.736	55.732	53.638	51.434	49.091	46.581	43.869	40.918	37.689	34.148	30.262	26.011	21.389	16.416	11.138	5.631	0.000	
75.000	72.955	70.913	68.872	66.831	64.789	62.746	60.699	58.644	56.573	54.475	52.336	50.138	47.857	45.469	42.946	40.257	37.371	34.258	30.889	27.243	23.308	19.086	14.594	9.873	4.982	0.000	
75.000	72.505	70.026	67.571	65.149	62.764	60.417	58.109	55.832	53.577	51.331	49.077	46.796	44.464	42.057	39.548	36.910	34.115	31.139	27.958	24.558	20.931	17.079	13.022	8.789	4.429	0.000	
75.000	72.055	69.139	66.272	63.472	60.749	58.109	55.550	53.065	50.644	48.269	45.922	43.581	41.222	38.821	36.351	33.787	31.104	28.281	25.299	22.145	18.814	15.309	11.645	7.846	3.950	0.000	
75.000	71.591	68.227	64.941	61.760	58.703	55.776	52.980	50.304	47.735	45.253	42.837	40.460	38.099	35.727	33.319	30.850	28.297	25.640	22.863	19.954	16.908	13.727	10.423	7.014	3.528	0.000	
75.000	71.099	67.260	63.537	59.967	56.574	53.370	50.350	47.503	44.810	42.246	39.785	37.399	35.061	32.742	30.418	28.062	25.654	23.175	20.608	17.942	15.172	12.297	9.325	6.270	3.152	0.000	
75.000	70.557	66.203	62.011	58.035	54.305	50.831	47.606	44.612	41.822	39.205	36.729	34.362	32.073	29.833	27.613	25.391	23.143	20.851	18.499	16.076	13.575	10.992	8.331	5.599	2.815	0.000	
75.000	69.939	65.005	60.301	55.895	51.825	48.094	44.688	41.577	38.724	36.089	33.632	31.316	29.105	26.968	24.876	22.804	20.731	18.637	16.507	14.328	12.092	9.791	7.424	4.994	2.512	0.000	
75.000	69.207	63.599	58.319	53.456	49.045	45.080	41.527	38.340	35.467	32.856	30.457	28.227	26.125	24.119	22.178	20.276	18.391	16.506	14.605	12.675	10.704	8.680	6.597	4.449	2.244	0.000	
75.000	68.302	61.883	55.946	50.597	45.858	41.696	38.048	34.841	32.003	29.466	27.171	25.066	23.108	21.261	19.493	17.780	16.100	14.435	12.772	11.096	9.394	7.652	5.850	3.973	2.015	0.000	
75.000	67.127	59.701	53.008	47.157	42.128	37.836	34.170	31.019	28.286	25.884	23.745	21.809	20.031	18.372	16.802	15.296	13.834	12.401	10.985	9.572	8.151	6.701	5.192	3.585	1.848	0.000	
75.000	65.516	56.800	49.248	42.918	37.691	33.383	29.812	26.820	24.278	22.084	20.159	18.440	16.879	15.439	14.089	12.807	11.576	10.384	9.222	8.083	6.958	5.826	4.644	3.334	1.793	0.000	
75.000	63.143	52.748	44.282	37.599	32.359	28.221	24.906	22.204	19.957	18.051	16.403	14.950	13.644	12.450	11.341	10.299	9.309	8.365	7.462	6.602	5.789	5.014	4.235	3.319	1.993	0.000	
75.000	59.312	46.779	37.545	30.852	25.943	22.257	19.413	17.157	15.321	13.790	12.482	11.341	10.325	9.403	8.555	7.764	7.022	6.325	5.677	5.092	4.595	4.217	3.969	3.719	2.863	0.000	
75.000	52.332	37.516	28.276	22.334	18.320	15.467	13.348	11.710	10.402	9.325	8.415	7.628	6.932	6.304	5.731	5.200	4.706	4.251	3.843	3.506	3.291	3.299	3.713	4.727	5.740	0.000	
75.000	37.504	22.683	15.713	11.897	9.542	7.954	6.811	5.945	5.262	4.705	4.238	3.836	3.482	3.164	2.875	2.608	2.363	2.139	1.946	1.804	1.769	1.981	2.858	5.738	15.370	50.000	
0.000	0.000	0.000	0.000	0.000	0.000	0.000	0.000	0.000	0.000	0.000	0.000	0.000	0.000	0.000	0.000	0.000	0.000	0.000	0.000	0.000	0.000	0.000	0.000	0.000	0.000	0.002	

